b9f0f7cd-31c1-4edf-9a8d-129d4efff387,59 3 22 9 15 7 20 12 21 11 8 4 5 14 13 23 52
7e95473d-7602-4e51-a383-19cddf7474cc,59 3 22 9 15 7 20 21 12 11 8 4 5 14 23 53 13 52
a306719a-537e-42b3-9073-bfb4600d072e,59 3 22 20 7 21 9 15 12 11 8 4 5 14 53 13 52 23
4ffa6f8d-76c3-4aef-a3a0-f0a0a5c077de,59 3 22 20 7 21 9 15 7 12 11 8 4 5 14 13 53 52 23
8f6e0fcd-be00-481e-ab11-6456e625d93d,59 3 22 20 7 21 9 15 7 12 7 11 8 4 5 14 53 13 52 23
b3ab54d4-3764-4254-a1ae-5ed7ace9a188,59 3 22 9 15 7 20 12 60 21 11 8 4 5 14 13 52 23
d3332800-3a00-4825-a6d8-2217becaacc1,59 3 22 9 15 7 20 12 21 11 8 4 5 14 13 52 23
636ff8e5-dfe9-4e3b-a2bb-7060d9a36296,59 3 22 9 15 7 20 12 21 11 8 4 5 14 53 13 52 23
da2b85ca-6224-4a9c-8300-13f014215746,59 3 22 20 7 21 9 15 7 12 11 8 4 5 14 53 13 52 23
62399c95-bdd5-4325-9521-3fb233c7ad1b,59 3 22 20 7 21 9 15 7 12 11 8 4 5 14 23 53 13 52
ba654fe0-9e42-4c8b-bb2b-debfffa1a69d,59 3 22 20 7 21 9 15 7 12 11 8 4 5 14 23 53 13 52
9191c3b7-7c69-44b7-95b0-c1a3bcbca5bd,59 3 22 20 7 21 9 15 7 12 11 8 4 5 14 53 13 23 52
9f24f074-4b4e-4786-b965-d8a11fa9de63,59 3 22 20 7 21 9 15 7 12 11 8 4 5 14 13 52 23
23f47599-1b16-432a-af9b-c13538eafe36,59 3 22 20 7 21 9 15 7 12 11 8 4 5 14 53 13 52 23
5db1a8f0-1ed9-4f90-b154-bf7946361f6e,59 3 22 9 15 7 20 12 21 11 8 4 5 14 53 13 52 23
18c1fed6-2921-4c1b-93a6-8b479e9ceeb6,59 3 22 20 7 21 9 15 7 12 11 8 4 5 14 13 53 52 23
8ffc152b-a6ca-453d-8af7-2463801a21e5,59 3 22 20 7 21 9 15 7 12 11 8 4 5 14 53 13 52 23
eba7f7c7-7922-4e13-a632-c12869281fb5,59 3 22 20 7 21 9 15 12 11 8 4 5 14 23 53 13 52
8191edca-f070-403f-857a-887e7484f0e1,59 3 22 9 15 7 20 12 21 7 11 8 4 5 14 13 23 52
053d7ebd-7ddc-486e-9728-155664eaeeed,59 3 22 20 7 21 9 15 7 12 11 8 4 5 14 53 13 52 23
d5e4de45-737d-4617-a696-865a00745cbe,59 3 22 20 7 21 9 15 7 12 11 8 4 5 14 53 13 52 23
a97f19a4-eeb3-4480-8f7e-61d5c4d79b63,59 3 22 20 7 21 9 15 7 12 11 8 4 5 14 53 13 23 52
aef6d17e-00f3-496a-a1ee-186c321f1e88,59 3 22 9 15 7 20 21 12 11 8 4 5 14 23 53 13 52
a0bbb69e-d9fe-4fa8-b589-6202b7caad3d,59 3 22 20 7 21 9 15 7 12 11 8 4 5 14 53 13 52 23
e9556576-5acd-4495-9061-a45b4a345af7,59 3 22 20 7 9 15 21 7 12 11 8 4 5 14 23 53 13 52
fa02f2c7-e729-4742-a624-5c155feb50d7,59 3 22 20 7 21 9 15 12 11 8 4 5 14 13 52 23
e248ec31-e8dc-463a-b895-231c2cc49025,59 3 22 20 7 21 9 15 7 12 11 8 4 5 14 53 13 52 23
5c752404-725a-42c9-8884-c5b27e45a0df,59 3 22 9 15 7 20 12 21 11 8 4 5 14 53 23 13 52
7fe8144d-9dc6-45eb-a3c7-0e0ae865166a,59 3 22 9 15 7 20 21 12 11 8 4 5 14 53 13 52 23
40c0c6ca-6775-4e0d-9b12-d25fc6217087,59 3 22 20 7 21 9 15 7 12 11 8 4 5 14 53 13 52 23
0bbb5dbb-fdbd-4a54-840b-f89bd0a44e64,59 3 22 20 7 21 9 15 7 12 11 8 4 5 14 53 13 52 23
3a550bfb-2808-425c-9e29-175bacf7004f,59 3 22 20 7 21 9 15 12 11 8 4 5 14 13 52 23
beb0b9dd-818f-4de3-8c23-7bd21c7bf3c1,59 3 22 20 7 21 9 15 7 12 11 8 4 5 14 13 52 23
aec26d73-b6ed-487a-866e-a174ab53ef5c,59 3 22 9 15 7 20 21 7 12 11 8 4 5 14 53 13 52 23
26fadf2c-ddfd-4638-b0e1-fc7f4097d2a5,59 3 22 9 15 7 20 21 12 11 8 4 5 14 53 13 52 23
84198753-69b0-4fd9-84d2-bce946bf366e,59 3 22 20 7 21 9 15 7 12 11 8 4 5 14 13 52 23
f79547b4-ef6e-420f-b321-008bcf0c3c1d,59 3 22 20 7 21 9 15 12 7 11 8 4 5 14 53 13 52 23
93e01c9c-f144-4a1e-a038-49d5b0222654,59 3 22 20 7 21 9 15 7 12 11 8 4 5 14 13 53 52 23
5e30f09d-1cd0-47f5-939c-ea4418f200e1,59 3 22 20 7 21 9 15 7 12 11 8 4 5 14 53 13 52 23
dad03614-be3d-4118-bbdf-d3a2f88e3bae,59 3 22 20 7 21 9 15 7 12 11 8 4 5 14 53 13 52 23
47c989d6-0cc0-4ffc-9052-a70d8551f2d4,59 3 22 20 7 21 9 15 7 12 11 8 4 5 14 13 52 45 23
e927b7ea-d713-4365-9435-ee559ddad244,59 3 22 20 7 21 9 15 7 12 11 8 4 5 14 53 13 52 23
7ef4ed11-8047-4645-8af0-cf89d7532466,59 3 22 20 7 21 9 15 7 12 11 8 4 5 14 13 53 52 23
079dd5c3-e7c5-45dc-9fa1-dea9654add13,59 3 22 20 7 21 9 15 7 12 11 8 4 5 14 13 53 52 23
ec224e0c-d3f1-4edb-9142-3b057a5cca35,59 3 22 20 7 21 9 15 7 12 11 8 4 5 14 13 53 52 23
ff7e7238-bc99-4c0b-87e9-f9c16dad9225,59 3 22 20 7 21 9 15 12 11 8 4 5 14 53 23 13 52
ce0da29c-441a-43a2-bf41-2eea4ba27f39,59 3 22 20 7 21 9 15 7 12 11 8 4 5 14 13 52 23
9186aa6b-707f-4d5c-94b9-64aa5652b6db,59 3 22 9 15 7 20 12 21 11 8 4 5 14 53 13 52 23
16998c2e-de9b-447b-aa31-ed0542d7a93f,59 3 22 20 7 21 9 15 12 11 8 4 5 14 53 13 52 23
f2e7ac57-37c8-4bf1-a924-046c54e712a7,59 3 22 20 7 21 9 15 12 11 8 4 5 14 53 13 52 23
32abf6f2-fae4-41ee-85eb-927c1386ebb4,59 3 22 9 15 12 20 7 21 11 23 8 4 5 45 14 53 13 52
124260d3-7a40-4d61-a797-2929c03d50e8,59 3 22 20 7 21 9 15 7 12 11 8 4 5 14 23 13 53 52
2737af21-15b7-4349-8cfb-b313777b95c3,59 3 22 9 15 7 20 21 12 11 8 4 5 14 53 13 23 52
d3ebb96a-cbce-4482-b8af-1d042a12b3c0,59 3 22 20 7 21 9 15 12 11 8 4 5 14 53 13 52 23
55c55130-e340-405b-84b4-303ff9c9a652,59 3 22 20 7 21 9 15 7 12 11 8 4 5 14 13 53 52 23
2a7d9b4c-5d8b-4bd7-97d5-5def0ba20343,59 3 22 9 15 7 20 12 7 21 11 8 4 5 14 13 53 52 23
88cb5888-62b6-46c8-845d-3d41f51d6104,59 3 22 9 15 12 20 21 11 8 4 5 14 13 52 23
86d8e070-d23d-4ab2-8d23-e45e58816e34,59 3 22 9 15 7 20 12 21 11 8 4 5 14 53 13 52 23
313a404c-ac28-4f40-8ce7-ad55105f4f68,59 3 22 20 7 21 9 15 7 12 11 8 4 5 14 53 13 52 23
762169d0-bddf-4105-939e-af42be36daad,59 3 22 20 7 21 9 15 7 12 11 8 4 5 14 13 52 23
9dbef453-f02a-48d0-949f-742986f34efa,59 3 22 20 7 21 9 15 7 12 7 11 8 4 5 14 13 23 52
b1648660-cc52-4a28-ac75-797e012ba6f5,59 3 22 9 15 7 20 12 21 11 8 4 5 14 13 53 23 52
3118a1d1-839c-4974-9eac-312bb20814d2,59 3 22 20 7 21 9 15 7 12 11 8 4 5 14 53 13 23 52
c33f2649-afab-4f58-ade4-e4270c310ed1,59 3 22 9 15 7 20 21 12 11 8 4 5 14 23 53 13 52
576f81e3-a87b-4f06-811b-9ccfb37e3dc7,59 3 22 20 7 21 9 15 7 12 11 8 4 5 14 23 13 52
7dfef516-61b3-4f9f-b5d9-0efebb1d1e6d,59 3 22 20 7 21 9 15 7 12 11 8 4 5 14 13 52 23
22d2f382-e2a5-41fb-aa33-a2dce529da20,59 3 22 9 15 7 20 21 12 11 8 4 5 14 53 13 52 23
9a3d1f68-f225-4deb-a73a-c6d8ca4f7412,59 3 22 20 7 21 9 15 7 12 11 8 4 5 14 53 13 52 23
a63ffa4f-5367-48b2-abc6-0a0514c84f7d,59 3 22 20 7 21 9 15 7 12 11 8 4 5 14 13 53 52 23
926693bb-41b1-47c0-bbd0-4f2792bcfe8a,59 3 22 9 15 7 20 12 21 11 8 4 5 14 53 13 52 23
5e13d0f9-3d7f-4713-9b94-621bf2767d60,59 3 22 20 7 21 9 15 7 12 11 8 4 5 14 53 13 52 23
db8eca4d-deff-426e-adcb-b4b3a9c9d566,59 3 22 20 7 21 9 15 7 12 11 8 4 5 14 53 13 52 23
c03593ad-45b1-4087-bdfa-0668ad524595,59 3 22 9 15 7 20 21 12 11 8 4 5 14 53 13 23 52
7f8c1025-6da3-44b2-8720-c092f1fc1057,59 3 22 20 7 21 9 15 7 12 7 11 8 4 5 14 23 13 52
73eedbab-081e-44da-93ca-07a16b20bd9c,59 3 22 20 7 21 9 15 7 12 11 8 4 5 14 23 53 13 52
f4788724-cf4c-4326-af29-f28b116462da,59 3 22 9 15 7 20 12 21 11 8 4 5 14 13 52 23
33f115cf-3716-46f9-95f6-97971e889ea5,59 3 22 20 7 21 9 15 7 12 11 8 4 5 14 53 13 52 23
ab73c153-7e9a-4386-a795-1b5026e9b275,59 3 22 20 7 21 9 15 7 12 7 11 8 4 5 14 53 13 52 23
2bcfff48-f888-4aa3-9a0e-a7c986cd2e44,59 3 22 9 15 7 20 21 12 11 8 4 5 14 53 13 52 23
6da25b3c-5ec7-4cd5-bae9-813121113661,59 3 22 20 7 21 9 15 7 12 11 8 4 5 14 13 23 52
1788af6d-d7c6-4037-9e50-0195be6c9bbf,59 3 22 9 15 7 20 12 21 11 8 4 5 14 53 13 52 23
a808e737-60da-4c24-ac1e-1f4cf0dc76a2,59 3 22 20 7 21 9 15 7 12 11 8 4 5 54 14 13 52 23
409fb70d-9c46-4dc7-9cb1-62236ae0233c,59 3 22 9 15 7 20 12 21 11 8 4 5 14 53 13 52 23
7edc4da3-09f5-4c03-b00c-fb3a4b059e62,59 3 22 9 15 7 20 21 12 11 8 4 5 14 23 13 53 52
f00fa05a-c13a-4ab3-a921-f9c737534a17,59 3 22 9 15 7 20 21 12 11 8 4 5 14 13 23 52
e3243535-446d-42a8-a6d6-ff04c172e289,59 3 22 20 7 21 9 15 7 12 7 11 8 4 5 14 13 23 52
d97c1051-e562-483f-a9a2-a646e8e94836,59 3 22 9 15 7 20 21 12 11 8 4 5 14 53 13 52 23
8b400039-dd1f-4682-a23f-33d86a319e26,59 3 22 9 15 12 7 20 21 11 8 4 5 14 53 13 52 23
97ef1f73-928b-4d97-bf06-aad9901c4501,59 3 22 20 7 21 9 15 7 12 11 8 4 5 14 13 52 23
bfe8f7d5-90fb-4e63-80c1-1fa450ae44d3,59 3 22 20 7 21 9 15 7 12 11 8 4 5 14 53 13 52 23
39f95a43-c3d3-4315-8b87-144be134fb7c,59 3 22 20 7 9 15 21 7 12 11 8 4 5 14 13 23 52
c019f88e-ca6e-467b-905e-83434fe55fec,59 3 22 9 15 7 20 12 21 11 8 4 5 14 53 13 52 23
6ebea1ba-6f82-4c3c-8390-d4365e7f86ac,59 3 22 20 7 21 9 15 7 12 11 8 4 5 14 13 52 23
4c78374c-251c-4009-b9b8-329bb3958b60,59 3 22 9 15 7 20 21 12 11 8 4 5 14 53 13 52 23
932ea237-e953-4ff7-a7ea-b05f15c8d0f3,59 3 22 20 7 21 9 15 7 12 11 8 4 5 14 53 13 52 23
a617ff73-44ef-4fd8-a196-4d63a28b122d,59 3 22 20 7 21 9 15 7 12 11 8 4 5 54 14 13 52 23
875a8a64-dcc2-4b74-af19-22114fb84c1d,59 3 22 9 15 7 20 21 12 11 8 4 5 14 13 53 52 23
335b1e14-3a16-4380-9951-b3a34eeedb29,59 3 22 20 7 21 9 15 7 12 11 8 4 5 14 53 13 52 23
19685b9c-6f7a-40a4-b0b0-e52e69fbbe57,59 3 22 20 7 21 9 15 7 12 11 8 4 5 14 53 13 52 23
618dc71a-bfb2-482d-8a1d-74fdcfa69bd3,59 3 22 20 7 21 9 15 7 12 11 8 4 5 14 53 13 52 23
8ce29316-9a57-4aa4-8ea7-fb1fb054973c,59 3 22 20 7 21 9 15 7 12 11 8 4 5 14 53 13 52 23
02f002e8-ace1-4982-b18c-ffbe17bcd531,59 3 22 20 7 21 9 15 7 12 7 11 8 4 5 14 53 13 52 23
1cc69d37-862c-4b78-909e-8f89cd6e4044,59 3 22 9 15 7 20 12 21 47 11 8 4 5 14 53 13 52 23
62d3cf10-090e-4e74-bb52-8576a75c557f,59 3 22 9 15 7 20 21 12 11 8 4 5 14 53 13 52 23
0ac41210-0c59-4c63-b10d-b73a1adf84e5,59 3 22 9 15 7 20 12 21 11 8 4 5 14 53 13 52 23
7af03d13-0749-4689-a462-1963d34d622b,59 3 22 20 7 21 9 15 7 12 11 8 4 5 14 53 13 52 23
2445cac0-a627-4d2b-bf7b-227ed79a8672,59 3 22 9 15 12 20 21 11 8 4 5 14 23 53 13 52
749729f3-0ddf-4927-8800-2706c567624f,59 3 22 20 7 21 9 15 12 11 8 4 5 54 14 23 13 52 45
6caea345-bd3c-409e-9d18-fa7a36aaadde,59 3 22 20 7 21 9 15 7 12 11 8 4 5 14 53 13 52 23
33070c75-c60d-4f7a-bdc8-b108543bfd0e,59 3 22 20 7 21 9 15 7 12 11 8 4 5 14 13 52 23
ad85c14a-f17e-4bb4-92d6-9127c9149284,59 3 22 9 15 7 20 21 12 11 8 4 5 14 53 13 52 23
8d04d300-1937-4f0d-a8aa-6e8c61f47ee8,59 3 22 9 15 12 7 20 21 11 8 4 5 14 13 52 23
b0a51490-b042-43f7-a14b-149f21faeaa9,59 3 22 20 7 21 9 15 7 12 11 8 4 5 14 13 52 23
a28be807-c217-4e63-9185-af128ebf9119,59 3 22 9 15 7 20 12 21 11 8 4 5 14 53 13 52 23
bd83f067-38af-437c-ba00-592ff8162a6d,59 3 22 9 15 7 20 21 12 11 8 4 5 14 53 13 23 52
f3a9cf97-203b-4ba1-9c7f-3b7031c91af4,59 3 22 9 15 12 7 20 7 21 11 8 4 5 14 13 53 52 23
13d42213-a23f-454e-8a1e-799d8c46ce48,59 3 22 9 15 7 20 12 21 11 8 4 5 14 53 13 52 23
e060d62c-3215-4f35-9345-5e80460f09b8,59 3 22 9 15 7 20 21 12 11 8 4 5 14 53 13 52 23
a2afbb2c-17c9-432e-8171-9df180c29e81,59 3 22 20 7 21 9 15 12 11 8 4 5 14 13 53 52 23
62c3e362-3930-4e49-887b-6c9b2d96879d,59 3 22 20 7 21 9 15 12 11 8 4 5 14 13 52 23
785f9906-2b04-4e54-ac75-715b5c5830bf,59 3 22 9 15 7 20 21 12 11 8 4 5 14 53 13 52 23
e9b26166-0cd2-433b-a393-b35c3919bc57,59 3 22 9 15 7 20 12 21 11 8 4 5 14 53 13 52 23
ee169333-4aa5-4342-b2b2-e9d4cb84b471,59 3 22 9 15 7 20 21 12 11 8 4 5 14 53 13 52 23
f43df10b-2616-4ab9-b560-0e4e1808cfe6,59 3 22 20 7 21 9 15 12 11 8 4 5 14 53 13 23 52
04ddfaed-2edf-499d-b374-86d76d7a91bf,59 3 22 20 7 21 9 15 7 12 11 8 4 5 14 23 13 52
fde88601-504e-44b8-82ee-e99fc5b4ef93,59 3 22 9 15 12 20 21 11 8 4 5 14 13 52 23
d7f4cfef-9216-45dd-b6c4-d141825b733e,59 3 22 9 15 7 20 12 21 11 8 4 5 14 13 52 23
82439c33-cf22-4c6b-a80f-4bd517fb58eb,59 3 22 9 15 7 20 21 12 11 8 4 5 14 13 53 23 52
d0a23302-1a8d-4695-86e8-e687ef65d660,59 3 22 9 15 7 20 12 21 11 8 4 5 14 23 53 13 52
6bd67687-2ca4-4906-ba14-1d7ef4dd43ff,59 3 22 20 7 21 9 15 7 12 11 8 4 5 14 23 13 52 45
cc21de4f-2e0c-4f50-b4a2-697cd862ec36,59 3 22 20 7 21 9 15 12 11 8 4 5 14 13 52 23
472aa9bc-4685-4030-9251-fd73b99525d9,59 3 22 20 7 21 9 15 7 12 47 11 8 4 5 14 53 23 13 52
8f4915f9-a735-4014-ba84-b76b3b4c942b,59 3 22 9 15 7 20 21 12 11 8 4 5 14 53 13 52 23
0ecce646-3542-4c66-87ec-a4b665ac3d53,59 3 22 20 7 21 9 15 7 12 11 8 4 5 14 13 52 23
7981a3fa-add2-484e-8acc-6a04ac771625,59 3 22 20 7 21 9 15 12 11 8 4 5 14 13 52 23
21782e27-2578-430e-be94-5b9ff7a54e19,59 3 22 20 7 21 9 15 12 11 8 4 5 14 13 52 23
49e3b6bc-61c4-47b1-85e8-010c6d88848e,59 3 22 20 7 21 9 15 7 12 11 8 4 5 14 13 53 52 23
d4fa4726-84f4-476c-ad4c-87c4bc9e34cf,59 3 22 20 7 21 9 15 7 12 11 8 4 5 14 53 13 23 52
26d33d52-fb9f-4e4a-b943-c2ece3dd4687,59 3 22 20 7 21 9 15 7 12 11 8 4 5 14 53 13 52 23
314d2beb-d217-4533-be08-d49662eb21c1,59 3 22 20 7 21 9 15 7 12 7 11 8 4 5 14 53 13 52 23
94fa07fe-8d00-4a22-a3ab-f381a69d446b,59 3 22 20 7 21 9 15 7 12 7 11 8 4 5 14 53 13 52 23
11dce008-75b2-46e0-b55f-34dae8d4e2ae,59 3 22 20 7 21 9 15 7 12 11 8 4 5 14 53 13 52 23
6415e2f2-9594-4f62-a4df-28a0a25c993c,59 3 22 9 15 7 20 12 21 11 8 4 5 14 13 52 23
22815693-79ac-4f40-92f6-b2e1009592a4,59 3 22 20 7 21 9 15 7 12 11 8 4 5 14 53 13 52 23
fd750099-65bf-4119-bf8a-de123e31ad03,59 3 22 9 15 7 20 12 21 11 8 4 5 14 53 13 52 23
ade8cdc0-d975-42ed-abe9-a21b7b71c4c6,59 3 22 9 15 12 20 21 11 8 4 5 14 23 53 13 52
c3a92c7d-5815-48e8-9d3a-a6112d65ba4d,59 3 22 20 7 21 9 15 7 12 11 8 4 5 14 13 52 23
e92c363f-6972-4909-b826-ca703f06b47b,59 3 22 20 7 21 9 15 7 12 11 8 4 5 14 13 53 52 23
3fc8dad6-c1e8-4ee6-bc6d-09791674a13d,59 3 22 20 7 21 9 15 7 12 7 11 8 4 5 14 53 13 52 23
08a61249-e533-407c-80e7-730e0abd50bf,59 3 22 20 7 21 9 15 7 12 11 8 4 5 14 13 52 23
780b41bf-beaf-4191-82cd-aad0944572a0,59 3 22 20 7 21 9 15 7 12 7 11 8 4 5 14 53 13 52 23
b37661aa-0b25-4f8d-8861-4b250b275f13,59 3 22 9 15 7 20 21 12 11 8 4 5 14 13 52 23
9b3d17fd-b98a-4b14-a343-7b155429b93c,59 3 22 20 7 21 9 15 12 7 11 8 4 5 14 53 13 52 23
d1014d2e-2353-49a7-92c8-42b2a8905971,59 3 22 20 7 21 9 15 7 12 11 8 4 5 14 53 13 52 23
30ea39d0-5623-495b-9290-5055d2834b4b,59 3 22 20 7 21 9 15 12 7 11 8 4 5 14 53 13 52 23
534a6cb0-940e-425c-93ae-cf1355489ab0,59 3 22 20 7 21 9 15 7 12 11 8 4 5 14 53 13 52 23
7c43afd4-4179-4545-85e9-057dea9fabeb,59 3 22 20 7 21 9 15 7 12 11 8 4 5 14 53 13 52 23
cb2e9487-6c3e-4c70-92ca-3a2d1a4f10e8,59 3 22 20 7 21 9 15 12 7 11 8 4 5 14 13 53 52 23
6388239b-51ac-4fd5-8648-4f7f817c9626,59 3 22 20 7 21 9 15 7 12 11 8 4 5 14 23 53 13 52
3ae436e6-db9c-4461-90b9-dbd21500e996,59 3 22 9 15 7 20 12 21 11 8 4 5 14 13 52 23
3b0eeb90-40aa-4ce5-8c4d-357b5b367553,59 3 22 9 15 7 20 21 7 12 11 8 4 5 14 53 13 52 23
df216191-a8a1-4c14-b9e4-79179129bf8c,59 3 22 20 7 21 9 15 7 12 11 8 4 5 14 13 23 52
3c1eeddc-18ec-44f6-8789-fbf475d9d2af,59 3 22 9 15 7 20 21 12 11 8 4 5 14 53 13 52 23
b3d848c2-4c79-4e30-8554-7c391ac2bf13,59 3 22 20 7 21 9 15 7 12 11 8 4 5 14 53 13 52 23
d2800027-b656-41e9-8568-3c7c05cbb0e7,59 3 22 9 15 7 20 21 12 11 8 4 5 14 23 13 53 52
1f31441a-7272-4dc8-9c5c-ba074c7e86fe,59 3 22 20 7 21 9 15 7 12 11 8 4 5 14 53 13 52 23
8046baa6-ecf1-4249-9c21-42dc1242d42a,59 3 22 20 7 21 9 15 7 12 11 8 4 5 14 53 13 52 23
82adc88b-a28d-4eb5-a665-189e800bc891,59 3 22 20 7 21 9 15 7 12 11 8 4 5 54 14 13 52 23
05e9f350-d905-42bb-8610-ff905d224446,59 3 22 20 7 21 9 15 7 12 11 8 4 5 14 13 52 45 23
b600f4f5-40a8-40f3-9665-78d97358b17f,59 3 22 9 15 7 20 21 12 11 8 4 5 14 53 13 52 23
ca6be97d-ada3-4191-8be7-553bcb0cdd83,59 3 22 9 15 7 20 12 21 11 8 4 5 14 53 13 52 23
0ca155f9-c903-4fa0-b9b3-9f31addda43c,59 3 22 20 7 21 9 15 7 12 11 8 4 5 14 53 13 52 23
6c86324e-7e93-4114-b203-00162c4835ef,59 3 22 9 15 7 20 12 21 11 8 4 5 14 53 13 52 23
8c70e843-42bd-4059-a62e-d82ae8b1003f,59 3 22 9 15 7 20 12 21 11 8 4 5 14 53 13 52 23
3b166f58-38dc-45d2-9465-f3d2026fad92,59 3 22 20 7 21 9 15 12 11 8 4 5 14 13 53 52 23
faa5a7b8-343d-49bc-8aeb-35a731284d89,59 3 22 20 7 21 9 15 7 12 11 8 4 5 14 53 13 52 23
ca752262-ad47-4b29-9864-56600c06798d,59 3 22 20 7 21 9 15 7 12 11 8 4 5 14 13 53 52 23
31190fc7-4c3a-411c-bfc7-51b97bed4da3,59 3 22 20 7 21 9 15 7 12 11 8 4 5 14 53 13 52 23
32f4b92e-8168-4e03-a0b4-aecb62232689,59 3 22 9 15 7 20 12 21 11 8 4 5 14 13 52 23
78826c3e-c072-43e2-bba5-a2abdb1e53ae,59 3 22 20 7 21 9 15 7 12 11 8 4 5 14 53 13 23 52
fe1c141a-01cf-4264-a65b-5a3197631875,59 3 22 20 7 21 9 15 7 12 11 8 4 5 14 53 13 88 52 23
c076183b-33d7-4b81-8b8c-e982a61c242a,59 3 22 9 15 7 20 12 21 11 8 4 5 14 13 53 52 23
941fa9c7-af86-4961-bb11-559725820a2d,59 3 22 20 7 21 9 15 7 12 11 8 4 5 14 53 13 52 23
1c993352-47cb-44bc-86b2-8808d960c128,59 3 22 20 7 21 9 15 7 12 11 8 4 5 14 13 53 52 23
c7e1c1ef-d9cd-4e2c-90f2-6b919dbf0b85,59 3 22 20 7 21 9 15 7 12 11 8 4 5 14 53 13 52 23
19d6f524-7d75-4bd1-adfe-b75d10338181,59 3 22 20 7 21 9 15 7 12 11 8 4 5 14 53 13 52 23
81531580-9169-49cc-8b17-e8ba8c824237,59 3 22 20 7 21 9 15 7 12 11 8 4 5 14 53 13 52 23
6434ee60-ce16-4fe4-802e-db52aedfa76a,59 3 22 20 7 21 9 15 12 11 8 4 5 14 53 13 52 23
4a0a0cbf-5002-481b-9300-a94c2296fe0f,59 3 22 20 7 21 9 15 7 12 11 8 4 5 14 53 13 52 23
9622f251-2b6c-4066-8fa3-89e72efad665,59 3 22 20 7 21 9 15 7 12 7 11 8 4 5 14 13 53 52 23
c1749844-926c-4d61-82da-4d306cf8b1d0,59 3 22 20 7 21 9 15 7 12 11 8 4 5 14 53 13 52 23
27a53d09-2194-42ac-a9d6-ade997a4bd08,59 3 22 9 15 7 20 12 21 11 8 4 5 14 53 13 52 23
28089b9a-9010-4c56-bd20-9487b4ec1f8f,59 3 22 20 9 15 21 12 7 11 8 4 5 14 13 23 52
e5173f87-ad02-47ea-9aca-bc640dc5a122,59 3 22 9 15 7 20 21 7 12 11 8 4 5 14 23 53 13 52
15751aa8-7cd8-414c-b6c6-783d62c7df52,59 3 22 9 15 7 20 21 12 11 8 4 5 14 53 13 23 52
1927312e-fcd3-462c-a443-46a81cd5fa8a,59 3 22 9 15 7 20 21 12 11 8 4 5 14 13 52 23
5faad71c-b0d4-4ef3-a575-170d7510decf,59 3 22 20 21 9 15 12 11 8 4 5 14 53 13 52 23
267ed6f8-d9c9-4f7d-bb88-152d17cce661,59 3 22 20 7 21 9 15 7 12 11 8 4 5 14 13 52 23
d57d67b4-9698-402f-ac93-e957faacbcc3,59 3 22 9 15 7 20 12 21 11 8 4 5 14 53 13 52 23
00c84bd7-55a4-4c05-8b93-72f495d7a202,59 3 22 9 15 7 20 12 21 11 8 4 5 14 53 13 52 23
5e11fa85-07b8-49d0-a19e-b4f6ea6bf03c,59 3 22 9 15 7 20 21 12 11 8 4 5 14 53 13 52 45 23
71f76aa4-3dbc-4e22-ab8f-c46f4d87ddee,59 3 22 9 15 12 7 20 21 11 8 4 5 14 53 13 52 23
58ea5156-53fd-4642-aeb4-d39642b2a449,59 3 22 20 7 21 9 15 7 12 11 8 4 5 14 13 52 23
c40e1cd0-2fe0-46ae-aadd-68e161f0c6e9,59 3 22 20 7 21 9 15 7 12 11 8 4 5 14 53 13 52 23
b221d9a1-b924-4ba1-a0e5-c2f67c59875f,59 3 22 20 7 21 9 15 7 12 11 8 4 5 14 53 13 52 23
6b690920-3f8b-4528-9608-627428a0332b,59 3 22 9 15 7 20 12 21 11 8 4 5 14 53 13 52 23
d2862b3f-f64b-43a2-86a2-b8cbafe491e1,59 3 22 20 7 21 9 15 12 7 11 8 4 5 14 13 52 45 23
61e42841-6555-4e35-a2cf-52e29dc4dc01,59 3 22 20 7 21 9 15 7 12 11 8 4 5 14 53 13 52 88 23
d194152e-da8e-4118-8362-4eb34e88ebac,59 3 22 20 7 21 9 15 7 12 11 8 4 5 14 53 13 52 23
a42d4e22-8013-4b27-a0ed-8fad71f65d9b,59 3 22 9 15 7 20 12 21 11 8 4 5 14 13 52 23
8854bba7-5436-4584-aee8-6e668ab383d9,87 59 3 22 9 15 7 20 12 21 11 8 4 5 14 13 52 23
28a5baa8-7890-4027-9ec4-04907ebccf16,59 3 22 20 7 21 9 15 7 12 11 8 4 5 14 13 53 52 23
48b8438a-e471-4244-bc7a-5898b9c9d92e,59 3 22 9 15 7 20 21 12 11 8 4 5 14 23 53 13 52
868edbd1-0f2a-4b56-a167-4b830770dc7f,59 3 22 20 7 21 9 15 7 12 11 8 4 5 14 13 52 23
5cc732f5-a21a-4846-8d40-04b10b0a49ca,59 3 22 20 7 21 9 15 7 12 11 8 4 5 14 13 52 23
02bcc1d3-81e9-4033-b8c0-f923504435c8,59 3 22 9 15 7 20 12 21 11 8 4 5 14 53 13 52 23
adfb2ed9-6c25-4dd1-80cb-34c9d06dfbf3,59 3 22 9 15 7 20 12 21 11 8 4 5 14 53 13 52 23
da68ccaf-e66a-426e-b2e3-688eb166ffb1,59 3 22 20 7 21 9 15 7 12 11 8 4 5 14 23 53 13 52
702877a9-5a50-4f95-adf7-5d27105e11f9,59 3 22 20 7 21 9 15 12 11 8 4 5 14 23 53 13 52
50dbd4d7-4ebf-47f9-a0ae-433bbcbf4dfd,59 3 22 20 7 21 9 15 7 12 11 8 4 5 14 23 53 13 52
95626e68-3652-4e2f-b62b-72310ec0b13f,59 3 22 9 15 7 20 12 21 11 8 4 5 14 13 52 23
271bdb59-0f67-4cc2-af0c-f6f09c2c8f05,59 3 22 9 15 7 20 21 12 11 8 4 5 14 23 53 13 52
128f09f0-85a7-4cdf-8344-c7f74c3ea5f8,59 3 22 9 15 7 20 21 12 11 8 4 5 14 53 13 52 23
bf2c675d-dd6f-40be-a9ab-f0d3985342b9,59 3 22 20 7 21 9 15 12 11 8 4 5 14 53 13 52 23
a1fd6b41-ba1b-45f3-be4b-b1a8b0e7e48a,59 3 22 20 7 21 9 15 7 12 11 8 4 5 14 13 52 23
1eccc4e2-8161-4d6f-92f9-bcd5154335ba,59 3 22 20 7 21 9 15 7 12 11 8 4 5 14 53 13 52 23
defc8ac5-dec6-4201-ac7b-2a944ef9e57d,59 3 22 20 7 21 9 15 7 12 11 8 4 5 14 53 13 52 23
5fa74a66-54da-4184-9397-3af1587daf90,59 3 22 9 15 12 20 21 11 8 4 5 14 23 53 13 52
9528c6bf-59c2-450b-ae78-920e441b3aed,59 3 22 20 7 21 9 15 12 7 11 8 4 5 14 53 13 23 52
ef55da1a-7c8c-4d2e-8497-584429576700,59 3 22 20 7 21 9 15 7 12 11 8 4 5 14 53 13 52 23
010b7e9c-8d94-4da9-9402-a1933aa96a84,59 3 22 20 7 21 9 15 7 12 11 8 4 5 14 23 13 52
f9e4c4e0-737f-4cc8-9c85-07ef4851130e,59 3 22 9 15 7 20 12 21 11 8 4 5 14 23 53 13 52
ad1af327-d32a-4d5b-b0e1-1169142c206a,59 3 22 9 15 7 20 12 21 11 8 4 5 14 23 13 53 52
211e7ec8-e049-437b-a1d3-1d0f0d94c076,59 3 22 9 15 7 20 12 21 11 8 4 5 14 53 13 52 23
20f74405-0221-4b98-8805-524180a4810f,59 3 22 9 15 7 20 12 21 11 8 4 5 14 53 13 52 23
76e5027b-2ddf-46be-8755-4515d01bb086,59 3 22 20 7 21 9 15 7 12 11 8 4 5 14 13 23 52
0d6a080f-fa77-4ae7-ad82-cc543b2fcfce,59 3 22 20 7 21 9 15 7 12 11 8 4 5 14 53 13 23 52
5bbcd5b0-05b2-4fef-ac6c-e5cd4478e9f2,59 3 22 9 15 7 20 21 12 11 8 4 5 14 13 52 23
efe40478-8ccb-4130-a2e5-b78dff701dee,59 3 22 20 7 21 9 15 7 12 11 8 4 5 14 13 52 23
c3ee5ccc-4edd-48ab-be18-fe128334be22,59 3 22 20 7 21 9 15 7 12 11 8 4 5 14 13 52 23
8326bd51-05fe-49fe-aeb5-d885d65bae9a,59 3 22 20 7 21 9 15 7 12 11 8 4 5 14 53 13 52 23
0380888d-94b6-4643-83cd-54079fc4cac4,59 3 22 20 7 21 9 15 7 12 11 8 4 5 14 13 52 23
c82356f4-0693-429e-879c-f783375b372b,59 3 22 9 15 7 20 12 21 11 8 4 5 14 13 23 52
599d072c-2ade-404c-b527-4311aec78f5e,59 3 22 9 15 7 20 12 21 11 8 4 5 14 53 13 52 23
d48f696a-004f-4064-9212-f9adb0e0bbb4,59 3 22 20 7 21 9 15 7 12 11 8 4 5 14 53 13 52 23
ec23a7ee-185e-44fb-b399-e90a69144132,59 3 22 20 9 15 21 7 12 7 11 8 4 5 14 53 13 52 23
600a9945-8174-4cef-bde3-a251e730a0fb,59 3 22 20 7 21 9 15 7 12 11 8 4 5 14 13 52 23
e60bba59-c885-46e1-971e-3c636c38b81e,59 3 22 20 7 21 9 15 12 11 8 4 5 14 53 23 13 52
0ee43128-9057-4744-8997-8517d4e3968f,59 3 22 20 7 21 9 15 12 11 8 4 5 14 13 52 23
526e1745-a90f-48be-b213-530605030a6c,59 3 22 20 7 21 9 15 7 12 11 8 4 5 14 23 13 53 52
3a68d3a0-5754-4620-a30b-b04097b2dc37,59 3 22 9 15 7 20 12 21 11 8 4 5 14 13 23 52
6fe22e58-3219-415e-8274-4653f9d79505,59 3 22 9 15 7 20 12 21 11 8 4 5 14 53 13 52 23
06880b1b-628a-4082-9953-c4382948892f,59 3 22 20 7 21 9 15 12 11 8 4 5 14 53 13 52 23
f779fdfd-9e66-454c-af3a-7fb5e9c51789,59 3 22 20 7 21 9 15 7 12 11 8 4 5 14 23 53 13 88 52
0aa4cd10-d4ab-448a-a182-79f917e1c3c0,87 59 3 22 20 7 21 9 15 7 12 11 8 4 5 14 23 53 13 52
5c161536-c57e-45db-bc43-b1a4394b1f57,59 3 22 9 15 7 20 12 21 11 8 4 5 14 13 52 23
227e8e3b-a36e-4e0b-a701-c6bd5eaed686,59 3 22 20 7 21 9 15 7 12 11 8 4 5 14 13 52 23
2114f248-04f5-4291-995f-3e469d78c618,59 3 22 20 7 21 9 15 12 7 11 8 4 5 14 53 13 52 23
f3d457d2-f000-4fe3-bc7d-658d4c287a2b,59 3 22 9 15 7 20 21 12 11 8 4 5 14 53 13 52 23
e0915e57-930f-4f23-b797-0d43df7f27ac,59 3 22 9 15 7 20 21 12 11 8 4 5 14 13 52 23
18d836da-ecec-43a6-8e52-6fbf4b7c8940,59 3 22 20 7 21 9 15 7 12 11 8 4 5 54 14 23 13 52
639e0e37-eb27-4423-a996-e366f2f74a45,59 3 22 9 15 7 20 12 21 11 8 4 5 14 13 53 23 52
e80bc0bf-63b7-48dc-8b4a-a89996e7ff02,59 3 22 20 7 21 9 15 7 12 11 8 4 5 14 13 23 52
1b5bf096-e921-4d8e-864b-06e36a89f4e6,59 3 22 9 15 7 20 12 21 11 8 4 5 14 13 53 23 52
bc89c157-7155-46ff-9633-d5cafd11a62a,59 3 22 20 7 21 9 15 7 12 11 8 4 5 14 23 53 13 52
42c97286-d6db-4d6d-b107-bf6c975939d5,59 3 22 9 15 12 20 21 11 8 4 5 14 53 13 52 23
0d4c7ef9-ec5f-4c87-8247-cf7c334013ab,59 3 22 20 7 21 9 15 7 12 11 8 4 5 14 13 52 23
aa351beb-4239-49dd-bb1d-e61892f5c7ee,59 3 22 20 7 21 9 15 7 12 60 11 8 4 5 14 53 13 52 23
8c515c58-f223-450a-ad79-ac5d6e56e218,59 3 22 20 7 21 9 15 7 12 11 8 4 5 14 13 52 23
14c0f5a3-bee2-46f7-b72f-3423e2661c4f,59 3 22 20 7 21 9 15 7 12 11 8 4 5 14 13 53 52 23
ab497774-965a-451b-b3d4-6a078eb75001,59 3 22 20 7 21 9 15 7 12 11 8 4 5 14 53 13 52 23
57ab90bd-13b5-4588-b7f5-d9b79e4008d3,59 3 22 20 7 21 9 15 7 12 11 8 4 5 14 13 53 52 23
386e007d-3266-45bd-9c02-9776e92472f0,59 3 22 20 7 21 9 15 7 12 11 8 4 5 14 53 13 23 52 45
6b13db1d-c2db-4684-a18b-2c59d73aea4b,59 3 22 20 7 21 9 15 12 7 11 8 4 5 14 13 53 52 23
0e57fc84-2039-40da-8be3-c531ebe62dde,59 3 22 20 7 21 9 15 7 12 7 11 8 4 5 14 53 13 23 52
ea6ffa38-f7af-4bdd-9077-d795b37ade24,59 3 22 20 7 21 9 15 7 12 11 8 4 5 54 14 53 13 23 52
259d6a52-fd08-489a-a899-77a4310c0e17,59 3 22 9 15 7 20 21 12 11 8 4 5 14 53 13 52 23
55dc6aa8-8c1a-4ad2-bd8f-96c82629cdea,59 3 22 20 7 21 9 15 7 12 11 8 4 5 14 13 52 23
2131d8c2-adc9-4cf4-b77b-f1e9ec805423,59 3 22 20 7 21 9 15 7 12 11 8 4 5 14 53 13 52 23
87fb26f8-d85c-47c5-a60f-b6a3eccf2187,59 3 22 20 7 21 9 15 12 11 8 4 5 14 53 13 52 23
9bf7cd69-8d37-4b38-b2a9-d85841bce286,59 3 22 20 7 21 9 15 7 12 11 8 4 5 14 13 53 52 23
747477e7-86f7-47ce-8e53-eeb6fc39b3bb,59 3 22 9 15 7 20 21 12 11 8 4 5 14 53 13 52 23
39935caa-739b-4965-a4f0-5ac147212312,59 3 22 20 21 9 15 7 12 11 8 4 5 14 53 13 52 23
c20f5314-fb70-4a8c-9055-4874e63ab496,59 3 22 20 7 21 9 15 7 12 11 8 4 5 14 13 53 52 23
51f61a30-8f36-4eaa-903e-2a90bc19f9bf,59 3 22 20 7 21 9 15 7 12 11 8 4 5 14 13 52 23
478bb1da-a3c7-45d8-b3d8-7bd48a95c29e,59 3 22 9 15 7 20 21 12 11 8 4 5 14 53 13 52 23
ab7d2395-3ec6-4ed6-88ab-83e534d45f6f,59 3 22 20 7 21 9 15 7 12 11 8 4 5 14 13 53 52 23
c3c99fe4-af9b-4e8c-8072-d9fa10607ddd,59 3 22 20 21 9 15 12 11 8 4 5 14 53 13 52 23
e836db8c-2356-4bfd-8f78-22c6a380f815,59 3 22 9 15 7 20 21 12 11 8 4 5 14 13 23 52
fcc9086e-d2d1-4869-8731-d6859b97d98c,59 3 22 20 7 21 9 15 12 11 8 4 5 14 23 13 52
f12edda1-efe5-427d-b387-689624d481a3,59 3 22 20 7 21 9 15 7 12 11 8 4 5 14 53 13 23 52
ce30184c-a49d-4076-a879-28835bc3c67f,59 3 22 20 7 21 9 15 7 12 11 8 4 5 14 53 13 23 52
5e5a97cf-4ab9-45ea-84eb-c6c5fa1f17e7,59 3 22 9 15 7 20 12 21 11 8 4 5 14 13 52 23
b9381971-c160-4893-9a37-823564ef5b5f,59 3 22 9 15 7 20 21 7 12 7 11 8 4 5 14 53 13 52 23
043eb9a0-49c4-4342-95ff-c55e72718adb,59 3 22 20 7 21 9 15 12 11 8 4 5 14 13 52 23
16f56be6-4449-4ea4-b7b2-3bdbbe015677,59 3 22 20 7 9 15 21 7 12 11 8 4 5 14 13 52 23
fdc4a85a-b8d0-4a85-bc1c-520a3d372c62,59 3 22 9 15 7 20 21 12 11 8 4 5 14 53 13 52 23
1ec7084f-1496-4eb9-b28a-39873c80479c,59 3 22 20 7 21 9 15 7 12 11 8 4 5 14 53 13 52 23
3de84abe-48f0-4052-8fe9-c1e1bb373ff3,59 3 22 20 7 21 9 15 7 12 11 8 4 5 14 53 13 52 23
6e5dc63b-a1b7-4ac6-ae37-52b518fb4322,59 3 22 9 15 7 20 21 12 11 8 4 5 14 53 13 52 23
df541ac6-ddc4-4ae2-b94d-bd581e2fe7c4,59 3 22 20 7 21 9 15 7 12 11 8 4 5 14 13 52 23
4d173ecb-ac4e-4bca-b609-332417219df3,59 3 22 20 7 21 9 15 7 12 11 8 4 5 14 23 53 13 52
dd98c540-deb3-40eb-951d-38fe8a3dea0b,59 3 22 20 7 21 9 15 7 12 11 8 4 5 14 13 52 23
e2b7bc65-c334-46cc-9854-811226505cc7,59 3 22 20 7 21 9 15 12 7 11 8 4 5 14 53 13 23 52
8c60704b-2a78-49fa-817c-bcfba1e62894,59 3 22 20 7 21 9 15 7 12 11 8 4 5 14 13 53 52 23
7ec42bc1-884d-4f08-962e-252ac2ebd972,59 3 22 9 15 12 20 21 11 8 4 5 14 13 52 23
134ec3b0-4e25-4641-bf6c-fc5892add57e,59 3 22 20 7 21 9 15 7 12 11 8 4 5 14 53 13 52 23
93a36596-cd2d-46a7-a4ee-faeecd14d5a5,59 3 22 20 7 21 9 15 7 12 11 8 4 5 14 53 13 52 23
f24aa7ca-cdd3-44af-81c9-850ee6555a52,59 3 22 20 7 21 9 15 12 11 8 4 5 14 53 13 52 23
8965713c-8966-499a-b243-5e5fa3481632,59 3 22 20 7 21 9 15 12 11 8 4 5 14 13 53 52 23
78a41890-c8fb-438c-8809-a73a7059f720,59 3 22 20 7 21 9 15 7 12 11 8 4 5 14 53 13 52 23
c4334013-4b1e-4e04-9be1-4a906799521f,59 3 22 9 15 7 20 12 21 11 8 4 5 14 13 52 23
310eaffc-7ace-4f44-bceb-c4567bafa602,59 3 22 9 15 7 20 21 12 11 8 4 5 14 13 52 23
9802ba3b-4a3b-4b19-8a6b-f14b2067c150,59 3 22 20 7 21 9 15 7 12 11 8 4 5 14 13 52 23
1b317fc4-0ec4-42dc-8e63-2ad4883a2e03,59 3 22 20 7 21 9 15 7 12 11 8 4 5 14 13 52 23
b252497f-96fd-40a0-b2e7-ba3509d64eed,59 3 22 20 7 21 9 15 7 12 11 8 4 5 14 13 52 23
9d26acf0-cceb-4d2b-a87e-6341a1e71131,59 3 22 20 7 21 9 15 7 12 11 8 4 5 14 13 23 88 52
dc272500-ead0-45cd-a17e-9e16dd8a3e44,59 3 22 20 7 21 9 15 7 12 11 8 4 5 14 13 52 23
439f04b7-bbd4-4515-9ea7-bc6c04df25af,59 3 22 20 7 21 9 15 7 12 11 8 4 5 14 13 52 23
9ee035a7-593c-40f2-a99f-8e8eda54b48f,59 3 22 20 7 21 9 15 7 12 11 8 4 5 14 53 13 52 23
c0b6e61c-25a7-496a-a21e-79961dc847f2,59 3 22 9 15 7 20 12 21 11 8 4 5 14 13 52 23
5b7bd391-ad5e-4a37-af3c-5120a923c529,59 3 22 9 15 7 20 21 12 11 8 4 5 14 13 52 23
78fe8537-97aa-423d-b28e-9a2d2e7adecb,59 3 22 9 15 7 20 21 7 12 7 11 8 4 5 14 53 13 52 23
73408d9f-de69-495b-887f-05efb9e55f71,59 3 22 9 15 7 20 12 21 11 8 4 5 14 53 13 52 23
f267bebf-0964-4535-b7a3-763ff8a4868c,59 3 22 20 7 21 9 15 7 12 11 8 4 5 14 53 13 23 52 45
8969c48a-785f-461f-81e8-8a0b7987961d,59 3 22 9 15 7 20 21 12 11 8 4 5 14 53 13 52 23
09e07d13-4b0e-44fa-b8a8-7b5175d0840d,59 3 22 9 15 7 20 21 12 11 8 4 5 14 53 13 52 23
9d326237-29b9-4be9-a22f-0e624bbeea4a,59 3 22 9 15 7 20 21 12 11 8 4 5 14 53 13 52 45 23
a6dda020-b56b-475e-b0da-d2afb370fb17,59 3 22 20 7 21 9 15 7 12 11 8 4 5 14 53 13 52 23
dab802dc-14ca-4a72-833d-09d643c02146,59 3 22 9 15 7 20 12 21 11 8 4 5 14 13 53 52 23
cbaeb226-63a5-40a3-8466-b96b20ababc9,59 3 22 20 7 21 9 15 7 12 11 8 4 5 14 13 52 23
0e5150dd-aeb6-42d5-a619-a6030b2e808c,59 3 22 9 15 7 20 12 21 11 8 4 5 14 53 13 52 23
cf7bc904-52ef-45cd-93ff-84076ce0d41c,59 3 22 20 7 21 9 15 7 12 11 8 4 5 14 23 53 13 52
a4d3ee54-0890-441e-a340-f613595ef6c7,59 3 22 20 7 21 9 15 7 12 11 8 4 5 14 53 13 88 52 23
59f9162e-8bb9-45a0-91f7-fb0dbdc06e9a,59 3 22 9 15 7 20 21 12 11 8 4 5 14 13 53 52 23
6fafa9eb-18ba-47e3-a89a-ba377247e0a9,59 3 22 20 9 15 7 21 12 11 8 4 5 54 14 23 53 13 52
b7eb270c-9238-4e73-aa2e-178a318ef93a,59 3 22 20 7 21 9 15 7 12 11 8 4 5 14 13 23 52
7c4cbde0-1328-4209-8e0f-c93da2a31c3a,59 3 22 20 7 21 9 15 7 12 11 8 4 5 14 23 53 13 52
e7038846-805b-4c44-a173-3a0e4f270518,59 3 22 9 15 7 20 12 21 11 8 4 5 14 13 52 23
643b3f8f-2c8e-4fe7-94a7-7650b893c98a,59 3 22 20 7 21 9 15 7 12 11 8 4 5 14 53 13 52 23
3c741b9c-e269-4347-b909-4f9380057857,59 3 22 9 15 7 20 12 21 11 8 4 5 14 13 53 52 23
db37fb2e-1ead-4eb6-be0d-ba041f7e46b5,59 3 22 20 9 15 21 12 11 8 4 5 14 13 53 52 23
2631df19-2d6c-426c-a671-69321b5acfb2,59 3 22 20 7 21 9 15 7 12 11 8 4 5 14 53 13 52 23
1835c59a-bc67-4003-8483-15bbbee098c1,59 3 22 20 7 21 9 15 7 12 11 8 4 5 14 53 13 52 23
7de62d12-9fb2-488b-9eef-a0ec6b64a52b,59 3 22 20 7 21 9 15 7 12 11 8 4 5 14 53 13 52 23
89c80b4f-2eea-46da-b7f2-f6ed110a3a4e,59 3 22 20 7 21 9 15 7 12 11 8 4 5 14 53 13 52 23
b1bf1499-183d-49f0-a1ec-953f7afda4f2,59 3 22 20 7 21 9 15 7 12 11 8 4 5 14 53 13 52 23
e11daa03-fcdf-473c-9c87-2829b9c57ab4,59 3 22 20 7 21 9 15 7 12 11 8 4 5 14 23 53 13 52
536c168a-d924-41ea-a242-98bb425db5c5,59 3 22 20 7 21 9 15 7 12 11 8 4 5 14 13 53 52 23
adf3d8bd-c690-44e6-9a63-548270ddba89,59 3 22 9 15 7 20 12 21 11 8 4 5 14 13 52 23
e94688ff-ba22-4edd-b100-fc43f73b31d7,59 3 22 20 7 21 9 15 7 12 11 8 4 5 14 53 13 23 52
edd26af0-0ded-45f7-b109-10509e3f4366,59 3 22 9 15 7 20 12 21 11 8 4 5 14 13 53 52 23
83621a6d-6d3b-4ad6-9d59-b90cc0c2fa9e,59 3 22 9 15 7 20 21 12 11 8 4 5 14 13 52 23
941faa66-e8fe-4134-9592-750d32e3cdb0,59 3 22 20 7 21 9 15 7 12 11 8 4 5 14 53 13 52 23
e547fd02-b6d5-490a-8c80-38be1c656d40,59 3 22 20 7 21 9 15 7 12 11 8 4 5 14 53 13 52 23
99dc695b-747a-44ce-9377-513b86622475,59 3 22 20 7 21 9 15 7 12 11 8 4 5 14 53 13 52 23
d339380c-4b72-445e-b2c8-5e10ca996280,59 3 22 20 7 21 9 15 7 12 11 8 4 5 14 53 13 52 23
68f4256e-bca9-4787-bd67-8f79a72199e6,59 3 22 20 7 21 9 15 7 12 11 8 4 5 14 53 13 52 23
a0ec3a1b-1705-4e88-9f85-7af1b54d1ffd,59 3 22 9 15 7 20 21 12 11 8 4 5 14 53 13 52 23
7a99a0b4-2fb4-4122-b541-7db7ab62f5d9,59 3 22 20 21 9 15 7 12 11 8 4 5 14 53 13 52 23
ae377359-738f-410e-8628-57c587775406,59 3 22 20 7 21 9 15 7 12 11 8 4 5 14 53 13 52 23
ac5ed8fe-5ab1-4fbf-8348-5ed6401f120d,59 3 22 9 15 7 20 12 21 11 8 4 5 14 13 52 23
b055f443-5ad6-4c33-95d3-866e8257cd44,59 3 22 20 7 21 9 15 7 12 11 8 4 5 14 54 53 13 52 23
1cf12f01-e27f-4bd5-8074-f3e7b4767b0f,59 3 22 20 7 21 9 15 7 12 11 8 4 5 14 13 53 52 23
f7bfb820-fddb-459f-954b-4f38256f1ff7,59 3 22 20 7 21 9 15 7 12 11 8 4 5 14 13 52 23
f4d67f84-b6d5-4091-aa60-71404a6ec9c1,59 3 22 20 7 21 9 15 12 11 8 4 5 14 53 13 52 23
15659e6c-d767-465c-8826-7d8e93b6461e,59 3 22 20 7 21 9 15 12 7 11 8 4 5 14 13 52 23
83937111-a4c2-4d7b-801b-a09d86b23ab7,59 3 22 20 7 21 9 15 7 12 7 11 8 4 5 14 53 13 52 23
bc53c832-d4ef-4117-8292-64a67f7aacb0,59 3 22 20 7 21 9 15 12 11 8 4 5 14 53 13 52 23
9f347795-cbfe-4d86-9fd3-41ca456e2f41,59 3 22 9 15 7 20 21 12 11 8 4 5 14 53 13 52 23
f089d746-6716-4d6d-b960-297d5cf75357,59 3 22 20 7 21 9 15 7 12 11 8 4 5 14 53 13 52 23
fd48ee35-d14f-4416-ad0c-e3208f9c2049,59 3 22 9 15 7 20 12 21 11 8 4 5 14 53 13 23 52
3bcca1a3-6e24-47c8-83b7-709f05ddcc10,59 3 22 9 15 7 20 21 12 11 8 4 5 14 23 53 13 52
11696c53-f593-458a-bb8c-08535e04e1eb,59 3 22 20 7 21 9 15 7 12 7 11 8 4 5 14 53 13 52 23
b5f7e06f-e2ab-4317-899e-d186313bbb3d,59 3 22 9 15 7 20 21 12 11 8 4 5 54 14 13 53 52 23
81065f59-fbe8-4956-9aab-7f306f45531c,59 3 22 20 7 21 9 15 12 11 8 4 5 14 53 13 52 23
0be150e2-36cb-4d0c-a5be-da771163d200,59 3 22 9 15 7 20 21 12 11 8 4 5 14 53 13 52 23
5e9f401a-1e71-46a1-8a71-cdded7b37843,59 3 22 20 7 21 9 15 7 12 11 8 4 5 14 53 13 52 23
4bde323e-d416-4c07-aa08-2135f5f804ba,59 3 22 20 7 21 9 15 7 12 11 8 4 5 14 13 52 23
2a0a463a-8077-4c29-bb16-78f118f470a4,87 59 3 22 20 7 21 9 15 7 12 7 11 8 4 5 14 53 13 52 23
77ae2ea1-1376-4c8b-81f6-7fce83870cd2,59 3 22 9 15 12 20 21 11 8 4 5 14 13 52 23
605e4b24-7dbb-4511-8821-0c66f91c7e69,59 3 22 20 7 21 9 15 7 12 11 8 4 5 14 53 13 52 23
af09e797-32c2-4a30-b656-438844e81c26,59 3 22 20 7 21 9 15 7 12 11 8 4 5 14 13 53 52 23
05201898-8340-4325-b052-49480438660c,59 3 22 20 7 21 9 15 12 7 11 8 4 5 14 53 13 52 23
f72f0e37-f297-4b05-aed9-917324586428,59 3 22 9 15 7 20 21 12 7 11 8 4 5 14 23 53 13 52
c90b0121-e494-40df-a676-4e438a520a8e,59 3 22 9 15 12 20 21 11 8 4 5 14 23 53 13 52
e3cdf5a6-c537-492f-9440-9632a967826b,59 3 22 20 7 21 9 15 7 12 11 8 4 5 14 13 52 23
0700fcb1-b973-43a6-a23b-d2bd6058c138,59 3 22 9 15 7 20 12 21 11 8 4 5 14 23 53 13 52
50fe346c-32f5-419b-90d5-fe2b2702fcaa,59 3 22 20 7 21 9 15 12 11 8 4 5 14 13 23 52
53204123-353a-4ed4-9421-594b55bb3683,59 3 22 20 9 15 7 21 12 11 8 4 5 14 53 13 52 23
e8f7fb60-7687-487c-9243-525fc4015874,59 3 22 9 15 12 20 21 11 8 4 5 14 53 13 52 23
b9e83fa4-c692-4e94-a750-04e7449fcec1,59 3 22 20 9 15 12 21 11 8 4 5 14 53 13 23 52
55aec640-130f-4d5d-87a4-de62d29e01bb,59 3 22 20 7 21 9 15 7 12 11 8 4 5 14 53 13 52 23
14bb2319-07c6-4ced-a2fd-1ca166775935,59 3 22 20 9 15 7 21 7 12 11 8 4 5 14 53 13 52 23
b7b45c92-2e14-4b6b-bf77-92757abd15de,59 3 22 9 15 7 20 21 12 11 8 4 5 14 53 13 52 23
e266adf9-4aed-47eb-8fa9-80b04dfa3f8d,59 3 22 20 7 21 9 15 7 12 11 8 4 5 14 53 13 52 23
647e1fa5-bcd8-47fb-a0a7-ae92f1629da6,59 3 22 20 7 21 9 15 7 12 11 8 4 5 14 13 52 45 23
ecd54a05-95ad-4bd1-9bf8-41f173e9ab27,59 3 22 20 7 21 9 15 7 12 11 8 4 5 14 53 13 52 23
f983117e-307e-40d6-aef8-15e414099f16,59 3 22 9 15 7 20 12 21 11 8 4 5 14 53 23 13 52
65a9d129-4704-4b8a-9bd0-9e2fd490af84,59 3 22 20 7 21 9 15 12 11 8 4 5 14 53 13 23 52
b45314ec-5f2a-46eb-ac1d-9a9f3d884086,59 3 22 20 7 9 15 21 12 11 8 4 5 14 13 52 23
7cca5824-bade-4187-aa0b-2e58f1db1296,59 3 22 9 15 7 20 21 12 11 8 4 5 14 53 13 52 23
9e3a6162-81ce-4bd8-9527-ffedbcb544c4,59 3 22 20 9 15 21 12 11 8 4 5 14 53 13 52 23
026946be-7bbd-4123-9ae0-cae17cb752ac,59 3 22 20 21 9 15 12 11 8 4 5 14 13 52 23
c303fa67-be39-451f-838f-3a046ada86ed,59 3 22 20 7 21 9 15 7 12 7 11 8 4 5 14 13 53 23 52
2415eec2-2b6e-488f-afa1-da38f7d30ab1,59 3 22 9 15 7 20 21 12 11 8 4 5 14 23 13 53 52
cad1e3f2-f75e-48a7-99fe-f396d1f7dfa4,59 3 22 20 7 21 9 15 7 12 11 8 4 5 14 13 52 23
0388ad0c-b0be-471b-9eed-b6a4de046193,59 3 22 20 7 21 9 15 7 12 11 8 4 5 14 13 52 23
a57a1b3c-393b-4189-87fd-2b8e0cc6f90f,59 3 22 20 7 21 9 15 7 12 11 8 4 5 14 23 13 52
f6566483-a966-4ad8-90ad-867631c59810,59 3 22 20 7 21 9 15 7 12 11 8 4 5 14 53 13 52 23
641ff3bc-416d-4326-8f51-b5de07b4d99c,59 3 22 20 7 21 9 15 7 12 11 8 4 5 14 13 52 23
ea554ebc-b213-47d8-bbe0-e08504dd1d0f,59 3 22 20 7 21 9 15 7 12 11 8 4 5 14 53 13 52 23
9748051d-93b0-4fb6-b5ad-d45a99a6f242,59 3 22 9 15 12 20 21 11 8 4 5 14 13 52 23
82ce26ef-5839-4cf4-b326-04203ab7a2a5,59 3 22 9 15 7 20 21 12 11 8 4 5 14 13 53 52 23
04d1c879-249f-4aef-86ae-aec00f02fc65,59 3 22 20 7 21 9 15 7 12 11 8 4 5 14 53 13 52 23
eb6e3269-b830-4890-bd03-5c87396152b8,59 3 22 9 15 7 20 21 12 11 8 4 5 14 13 53 52 23
63140cea-8b8c-4058-9b9d-cc5b37ca2418,59 3 22 9 15 7 20 21 12 7 11 8 4 5 14 53 13 52 23
10acda33-ad0c-4ae1-819f-48871d318aa5,59 3 22 20 7 21 9 15 7 12 11 8 4 5 14 53 13 52 23
d16a1255-494c-432e-996a-30d2789f3e0f,59 3 22 9 15 7 20 12 21 11 8 4 5 54 14 53 13 52 23
bed52590-2c7e-43b8-a332-8fcde49e0924,59 3 22 9 15 12 7 20 21 11 8 4 5 14 53 13 23 52
57e68125-c94d-44e3-b800-7f5bbc5f15af,59 3 22 9 15 7 20 21 12 11 8 4 5 14 53 13 23 52
d8c15be9-bcaf-4cb8-bb85-5431939c6c10,59 3 22 20 7 21 9 15 7 12 11 8 4 5 14 23 53 13 52
9811032a-5101-44de-b5c0-440c411fba8a,87 59 3 22 9 15 7 20 12 21 11 8 4 5 14 13 52 23
59a47713-6d11-4f73-ad1a-d2a2f950f393,59 3 22 9 15 7 20 12 21 11 8 4 5 14 53 13 52 23
298e8b63-9c4b-4ec0-8d1d-f6e88be1341b,59 3 22 9 15 7 20 21 12 11 8 4 5 14 53 13 52 23
e5f0e3d1-f8a9-4270-9637-0617cdce491b,59 3 22 9 15 7 20 12 21 11 8 4 5 14 23 13 52
b8fbd5fb-0fb1-47d3-aded-e3a9789bde09,59 3 22 9 15 7 20 21 12 11 8 4 5 14 53 23 13 52
fb49db89-633c-4233-b5de-e00e97f5c423,59 3 22 9 15 12 20 21 11 8 4 5 14 13 23 52
7e135621-9f87-49f5-9c54-ebe396945fde,59 3 22 20 7 21 9 15 12 11 8 4 5 14 23 53 13 52
2f1f7d53-86c3-44ae-82be-4ff7d2753b01,59 3 22 20 7 21 9 15 7 12 11 8 4 5 14 23 53 13 52
24a3a701-ea49-42a9-a844-064c549c634e,59 3 22 20 7 21 9 15 7 12 11 8 4 5 14 53 13 52 23
2dfa2137-464f-4213-a823-ef7057183167,59 3 22 20 7 21 9 15 7 12 11 8 4 5 14 13 53 52 23
5f716026-93ea-4bc2-b558-3da310bff099,59 3 22 20 7 21 9 15 7 12 7 11 8 4 5 14 13 52 23
7dc66ebf-66bc-4f3d-aed3-3e5fc6d3e776,59 3 22 20 7 21 9 15 7 12 11 8 4 5 14 23 53 13 52
125d93e1-4ec6-4d70-b4fe-24da13fa2063,59 3 22 9 15 7 20 12 21 11 8 4 5 14 23 13 52
4ea18728-348f-426a-a320-61675b1d2125,59 3 22 9 15 7 20 12 21 11 8 4 5 14 23 13 52
07164c87-dd48-4ab2-8ebe-26b237bedf73,59 3 22 20 7 21 9 15 7 12 7 11 8 4 5 14 13 53 52 23
832d1d1d-f00d-42c6-b5fd-a7a55e74bd67,59 3 22 9 15 12 20 7 21 11 8 4 5 14 53 13 52 23
4caaeb17-246c-40ba-94c3-2f5142f134fd,59 3 22 9 15 7 20 12 21 11 8 4 5 14 53 13 52 23
aa829f54-3b70-4543-976c-541f10735d0a,59 3 22 9 15 7 20 21 12 11 8 4 5 14 53 13 52 23
24dbd40b-4bc1-4482-b76e-2429246cf9d5,59 3 22 9 15 7 20 21 12 11 8 4 5 14 53 13 52 23
044fa135-4798-4776-827c-2dd43d1a028d,59 3 22 9 15 7 20 21 12 11 8 4 5 14 53 13 52 23
e524a625-823c-4b62-8315-13d53de700cd,59 3 22 20 7 21 9 15 7 12 11 8 4 5 14 53 13 52 23
a28bb8fa-0f70-4bae-ae42-69ce0bd4433d,59 3 22 20 7 21 9 15 7 12 11 8 4 5 14 53 13 52 23
427feaf1-20c8-40c4-8f66-525b9579a54a,59 3 22 9 15 7 20 12 21 11 8 4 5 14 13 52 23
df81e49d-9bb2-4feb-9437-160b2cdd231e,59 3 22 9 15 7 20 21 12 11 8 4 5 14 13 52 23
8172a419-7f40-4761-b66b-5858337f9060,59 3 22 9 15 20 12 21 11 8 4 5 14 13 52 23
8f39bf89-5f16-4f6f-92f1-572a0c071d7c,59 3 22 20 9 15 21 12 11 8 4 5 14 23 53 13 52
84e8a231-a9aa-479e-aad8-f144821491e5,59 3 22 20 7 21 9 15 12 11 8 4 5 14 53 13 52 23
7cf3861e-83b4-4873-bbb7-0cb50961344d,59 3 22 9 15 12 20 21 11 8 4 5 14 13 23 52
da07c9c7-561e-431a-9070-5f5d19c33f39,59 3 22 20 7 21 9 15 12 11 8 4 5 14 53 13 23 52
f7c4ad1b-16ca-425d-9a30-1e60d3d08441,59 3 22 9 15 7 20 21 12 11 8 4 5 14 53 13 52 23
0463d5dc-a7e8-434d-aa58-c4054107940c,59 3 22 9 15 7 20 21 12 11 8 4 5 14 13 23 52
33a911b0-bfbb-4942-a008-656b59f7be42,59 3 22 20 7 21 9 15 7 12 11 8 4 5 14 53 13 52 23
a6a2ef91-f123-4bd2-81b9-583672f50150,59 3 22 20 7 21 9 15 12 11 8 4 5 14 53 13 52 23
86eca68e-1a47-461a-820c-445e196025b2,59 3 22 20 7 21 9 15 12 11 8 4 5 14 53 13 52 23
497ba009-b74a-411e-bbdd-11d5fc753b1f,59 3 22 20 7 21 9 15 7 12 11 8 4 5 14 53 13 52 23
6dd2f687-9600-4852-9acf-9a353bd95091,59 3 22 20 7 21 9 15 7 12 11 8 4 5 14 13 52 23
edb6c42a-f601-4b26-b3fb-a7789855cd38,59 3 22 9 15 7 20 21 12 11 8 4 5 14 53 13 52 23
3c40d38b-2fa5-40ef-8d21-305a58e152ed,59 3 22 20 7 21 9 15 7 12 11 8 4 5 14 53 13 23 52
af7f186f-42be-41a9-b4fd-639f82d863c9,59 3 22 20 7 21 9 15 7 12 11 8 4 5 14 53 13 52 23
87831fee-352d-4a6b-9a6d-699b35c3cc0c,59 3 22 9 15 7 20 12 21 11 8 4 5 14 13 52 23
9951347f-4aa1-4377-b27a-380dcd09f044,59 3 22 20 7 21 9 15 7 12 11 8 4 5 14 13 52 23
0b65f352-ea71-461c-888d-bd98805f8d92,59 3 22 20 7 21 9 15 7 12 11 8 4 5 14 53 13 52 23
c92e4a6b-97c4-4f2a-962e-baebed18a5a2,59 3 22 20 7 21 9 15 7 12 11 8 4 5 14 54 53 13 52 23
98963dbb-a812-4a86-adc5-2f429e510d97,59 3 22 20 7 21 9 15 7 12 11 8 4 5 14 53 13 52 23
2870d9ad-c854-4aff-991f-1662d13934bd,59 3 22 9 15 7 20 21 12 11 8 4 5 14 53 13 23 52
0db45038-8ac0-41c7-a21e-e22be6f4b322,59 3 22 9 15 7 20 21 12 7 11 8 4 5 14 53 13 52 23
d0358382-60cf-4d02-90f1-9187693cdcf9,59 3 22 20 7 21 9 15 7 12 11 8 4 5 14 13 52 23
f4d64dd6-ca2f-4254-835e-c498e85a4882,59 3 22 9 15 7 20 12 21 11 8 4 5 54 14 53 13 52 23
f6574a4a-f248-44ad-ac0a-7e7a0c1cd079,59 3 22 20 7 21 9 15 7 12 11 8 4 5 14 23 53 13 52 45
f55bcf4b-9a60-4b76-a422-d48e51c8e6d5,59 3 22 20 7 21 9 15 7 12 11 8 4 5 14 23 13 52
c45cbd00-36a4-4688-90d9-ba89aaffca12,59 3 22 20 7 21 9 15 7 12 11 8 4 5 14 53 13 23 52
4cd4fdf5-68ae-4047-9efa-ff7689523cf1,59 3 22 20 7 21 9 15 7 12 11 8 4 5 14 53 13 52 23
12f858e5-5076-44e3-9c6b-18fbd016cda9,59 3 22 9 15 7 20 12 21 11 8 4 5 14 13 52 23
fa860930-3866-4262-82a6-7002d3544e1a,59 3 22 20 7 21 9 15 7 12 7 11 8 4 5 14 53 13 52 23
72eebf4b-6aa9-457b-92f1-8b42e05bfb81,59 3 22 20 7 21 9 15 7 12 11 8 4 5 14 13 52 23
43950a4d-0cd5-41b8-b5ed-1896bcb21deb,59 3 22 20 9 15 7 21 7 12 11 8 4 5 14 13 52 23
dbefab17-b788-4b12-bbf9-5728c3e908f1,59 3 22 20 7 21 9 15 12 11 8 4 5 14 13 52 23
31011ee0-feb1-4e47-b865-5ce91a7bba28,59 3 22 20 7 21 9 15 12 11 8 4 5 14 23 53 13 52
506a18ab-9a12-4094-bbb3-b23fc8a538f5,59 3 22 20 7 21 9 15 7 12 11 8 4 5 14 53 13 23 52
fd690fc2-74a2-4f3c-a026-81ff7bab1b9f,59 3 22 20 7 21 9 15 7 12 11 8 4 5 54 14 53 13 52 23
7059537c-3530-4586-b909-37357adbbfbc,59 3 22 20 7 21 9 15 7 12 7 11 8 4 5 14 23 53 13 52
2adc9326-d888-4bfc-bb8b-3a815f5b1442,59 3 22 20 7 21 9 15 7 12 7 11 8 4 5 14 23 13 52
da4db6ec-4957-414d-8190-54d79bbf2c49,59 3 22 9 15 7 20 12 21 11 8 4 5 14 23 53 13 52
86cbe1eb-2b9a-42f8-b0a4-17765118b9d8,59 3 22 9 15 7 20 21 12 11 8 4 5 14 13 52 23
2c960d8b-0382-44b6-859b-cc227631484f,59 3 22 9 15 7 20 21 12 11 8 4 5 14 13 52 23
34f1807c-0c70-4081-81cc-15d07e96d4d2,59 3 22 9 15 7 20 12 21 11 8 4 5 14 53 13 52 23
f9220923-dc79-4457-bcda-0780bd04168b,59 3 22 9 15 7 20 12 21 11 8 4 5 14 53 13 23 52
28f35a00-e753-4da3-856e-d361bdcf1f1e,59 3 22 20 7 21 9 15 12 11 8 4 5 14 53 13 23 52
5e45e7ad-a709-4524-83a3-9b99233295cb,59 3 22 20 7 21 9 15 7 12 11 8 4 5 14 13 52 23
a8e55175-bdf5-4605-ae8d-ee8789cf7a94,59 3 22 20 7 21 9 15 7 12 11 8 4 5 14 53 13 52 23
7177a888-07ab-4cf5-8f83-5ac02fdff46c,59 3 22 20 7 21 9 15 7 12 11 8 4 5 14 53 13 52 45 23
7921514a-f9e7-4c13-8045-f03cffd77191,59 3 22 20 7 21 9 15 7 12 11 8 4 5 14 23 53 13 52
940525ef-d10e-438b-a032-b33cb8570efa,59 3 22 9 15 7 20 21 12 11 8 4 5 14 13 52 23
2e6ed104-1b59-4fe0-98ce-e8f3aca47d23,59 3 22 20 7 21 9 15 12 11 8 4 5 14 53 13 23 52
f0904ad7-57dd-44ac-a777-3588839f59b5,59 3 22 20 7 21 9 15 7 12 11 8 4 5 14 53 13 52 45 23
dad0d7c6-b27f-4d04-ab23-c313a588bd39,59 3 22 9 15 12 20 21 11 8 4 5 14 53 13 52 23
3ed62a6b-d245-4155-ab2c-00af750a8dd3,59 3 22 20 7 21 9 15 12 11 8 4 5 14 53 13 52 23
2e3372de-2c23-4f7b-a483-f054d10294eb,59 3 22 20 7 21 9 15 7 12 11 8 4 5 14 53 13 52 23
dbeb8c89-8efd-4442-af14-3e70d3fed7ed,59 3 22 20 9 15 21 12 11 8 4 5 14 53 13 52 23
0fee127c-a69f-4eb8-a87f-32a9905fca44,59 3 22 9 15 7 20 21 12 11 8 4 5 14 23 53 13 52
00203830-89be-436e-b7a0-ef201b5dc719,59 3 22 9 15 7 20 21 7 12 11 8 4 5 14 13 53 52 23
a349f0e2-e8c1-466e-969d-399628612e30,59 3 22 20 7 21 9 15 7 12 11 8 4 5 14 23 13 52
f7967cbc-6023-43a1-b136-6387af7b3121,59 3 22 20 7 21 9 15 12 7 11 8 4 5 14 53 13 52 23
677b1b08-b9e5-4933-871c-9c764ea9732e,59 3 22 20 7 21 9 15 12 11 8 4 5 14 23 13 52
735b6e41-e0bb-42da-926d-3cbb3dce7eb7,59 3 22 20 7 21 9 15 7 12 7 11 8 4 5 14 53 13 23 52
4e94b77a-e09d-4d22-a2b6-1cbdcdd54c3d,59 3 22 20 7 21 9 15 12 11 8 4 5 14 13 53 23 52
529e29a6-695b-4e91-a2e1-34df399fd9ba,59 3 22 9 15 12 20 21 11 8 4 5 14 13 53 52 23
d31b7549-63b3-4f8e-b435-998ad67455ef,59 3 22 20 7 21 9 15 7 12 11 8 4 5 14 13 23 53 52
ad4a3dfb-9b8a-4c90-8673-dfbec81d292e,59 3 22 20 7 21 9 15 12 11 8 4 5 14 23 53 13 52
21f651c2-6d79-4c96-be17-275c87f7a1b4,59 3 22 20 7 21 9 15 7 12 11 8 4 5 14 13 52 23
e67426ca-1652-4eb0-a5de-4aff166b9105,59 3 22 20 7 21 9 15 7 12 11 8 4 5 14 53 13 23 52
57b76f71-51f4-40fd-a090-36680bc461f7,59 3 22 20 7 21 9 15 7 12 11 8 4 5 14 53 13 52 23
9dbd0588-1069-4086-9a74-6b32222cea90,59 3 22 9 15 7 20 21 12 7 11 8 4 5 14 53 13 52 23
a50a280b-ded4-4e33-8b54-1851d948c1ff,59 3 22 20 7 21 9 15 7 12 11 8 4 5 14 53 13 52 23
715b9894-440e-418c-b89d-a487ead73c5b,59 3 22 20 7 21 9 15 12 11 8 4 5 14 13 52 23
71ee60f2-cf48-4ed8-a12d-6350c4dbf6a5,59 3 22 20 7 21 9 15 7 12 11 8 4 5 14 13 52 23
fd360ff5-5c9a-41ba-84d1-b60bc01e70e7,59 3 22 20 7 21 9 15 7 12 11 8 4 5 14 53 13 52 23
dc236f52-a9e4-4715-8bb5-e7c409862604,59 3 22 20 7 21 9 15 12 11 8 4 5 14 53 13 52 23
0444cdfe-eb37-483a-aa75-04b1b71bb823,59 3 22 9 15 7 20 12 7 21 11 8 4 5 54 14 53 13 52 23
e5af5a41-b455-45ce-9daa-593c4aec6db0,59 3 22 9 15 7 20 21 12 11 8 4 5 14 53 13 52 23
d4ed6721-2d61-4b68-a712-d02352f2bc52,59 3 22 9 15 7 20 21 7 12 11 8 4 5 14 53 13 52 23
d46c05db-0243-44b3-947c-20d19bf41bbe,59 3 22 20 7 21 9 15 7 12 11 8 4 5 14 13 52 23
6440e85d-93e7-4511-a01e-80d94ac06a4e,59 3 22 20 7 21 9 15 7 12 11 8 4 5 14 23 53 13 52 45
3f4c5b9a-f2e2-41fa-b1a4-f403701e7482,59 3 22 20 7 21 9 15 7 12 11 8 4 5 14 53 13 52 23
9de85ac3-d8e9-4fa4-bbe4-aa8c1c6f90e5,59 3 22 9 15 7 20 12 21 11 8 4 5 14 53 13 52 23
5f1191d6-0d1f-4fd0-a504-621a900b2781,59 3 22 9 15 7 20 21 12 7 11 8 4 5 14 13 52 23
c6470a2a-d71f-4717-834d-7d240b4d79ea,59 3 22 9 15 12 7 20 21 11 8 4 5 14 53 13 52 23
608b159d-9e0d-415b-81d0-3a694f4c06f7,59 3 22 9 15 7 20 12 21 11 8 4 5 14 53 13 52 23
a1abf2fd-4890-4b45-a1ba-19b8656559f5,59 3 22 20 7 21 9 15 7 12 11 8 4 5 14 54 23 13 52
b58419db-a0b0-445d-896d-72d3aafc2274,59 3 22 20 7 21 9 15 7 12 11 8 4 5 14 53 13 23 52
46bce536-1e55-4d5f-aa00-464efcf718f4,59 3 22 20 7 9 15 21 7 12 11 8 4 5 14 53 13 52 23
85a0a5fa-d905-4a0d-a147-2d7caf94f68a,59 3 22 9 15 20 12 21 11 8 4 5 14 13 23 52
0c3c9453-482d-4ffa-beed-6d54c77590fe,59 3 22 20 7 21 9 15 7 12 11 8 4 5 14 53 13 52 23
05a04c09-74c3-49e4-b8b8-6897ac5f56b5,59 3 22 9 15 7 20 21 12 11 8 4 5 14 53 13 52 23
913e82f4-893f-42c1-9c7c-235dd08e3f3a,59 3 22 20 7 21 9 15 7 12 11 8 4 5 14 13 53 52 23
0a729f4b-4348-427d-84c0-e76543db00e2,59 3 22 20 7 21 9 15 7 12 11 8 4 5 14 53 13 52 23
90b9fcd3-785d-47b1-bcb5-bde0810fa9a0,59 3 22 20 7 21 9 15 12 11 8 4 5 14 13 52 23
94434735-5ae6-40e0-93dc-73e6f108d546,59 3 22 20 7 21 9 15 7 12 11 8 4 5 14 53 13 52 23
77d8faba-0c06-488a-8f2c-99a1ac4a896f,59 3 22 20 7 21 9 15 7 12 11 8 4 5 14 13 23 52
6ff7ef77-4b55-4d68-9447-a366a20035ae,59 3 22 9 15 7 20 21 12 11 8 4 5 14 23 53 13 52
09490919-8ca8-4d83-a509-72c3416875e3,59 3 22 9 15 12 20 21 11 8 4 5 14 53 13 23 52
9578c63e-e46e-474e-bc3a-8c388ac9a60a,59 3 22 7 20 9 15 21 12 11 8 4 5 14 53 13 52 23
e168fbbd-9534-4af6-88a1-ae7a296cd23c,59 3 22 20 7 21 9 15 7 12 11 8 4 5 14 13 53 52 23
6ec14456-a5c9-48b3-8a37-917244edfae4,59 3 22 9 15 7 20 21 12 11 8 4 5 14 53 13 52 23
b942b62f-74c8-4acd-93ae-a5746d117803,59 3 22 20 7 21 9 15 7 12 7 11 8 4 5 14 23 13 52
c6ed97cd-b231-4c1f-8152-5dad4b5dd2f5,59 3 22 20 7 21 9 15 7 12 11 8 4 5 54 14 23 13 52
baa16b76-ccca-45e4-ae92-4239d73a611a,59 3 22 9 15 7 20 21 12 11 8 4 5 14 53 13 52 23
c2e548ab-cccc-47d3-8079-491aaee3d0bf,59 3 22 9 15 7 20 12 21 11 8 4 5 14 13 52 23
87514b95-7a90-4144-a8d0-3352c472d72b,59 3 22 9 15 7 20 21 12 11 8 4 5 14 53 13 23 52
9ade1ac4-e90d-49d4-b34b-28108ec04901,59 3 22 20 7 21 9 15 7 12 11 8 4 5 14 13 52 23
0ad4d7a5-70b3-4106-86d1-33b36b5f5728,59 3 22 20 7 21 9 15 7 12 11 8 4 5 14 53 13 52 23
bb5fa411-e3ac-4dcc-9a22-7eda56cafcec,59 3 22 9 15 7 20 12 21 11 8 4 5 14 53 13 52 23
f62338cc-b808-47d5-b883-bf49eb4bf885,59 3 22 9 15 12 20 21 11 8 4 5 14 53 13 52 23
1de47169-6bbf-4567-a991-2c575a0d8164,59 3 22 20 7 21 9 15 7 12 11 8 4 5 14 53 13 52 23
fe0e216b-93c7-47b2-8b2b-cbe915c445db,59 3 22 9 15 7 20 12 21 11 8 4 5 14 13 52 23
25efc9b6-04c6-4c4f-8245-fe7e19688126,59 3 22 20 7 21 9 15 12 11 8 4 5 14 13 52 23
827827f2-cf45-4af8-8e8b-afbdb0dbc546,59 3 22 20 7 21 9 15 12 11 8 4 5 14 13 88 52 23
b51049e9-7acc-4993-96e5-39209bbf6d55,59 3 22 9 15 7 20 21 12 11 8 4 5 14 13 52 23
22c43b38-56f0-4a1e-8407-4a0b6810bd2b,59 3 22 20 7 21 9 15 7 12 11 8 4 5 14 53 13 23 52
ef5b1399-b15c-4318-8e1c-b7f2fd437be2,59 3 22 9 15 7 20 12 21 11 8 4 5 14 23 13 53 52
be396c9f-1f5e-43cb-b764-427697c9213a,59 3 22 20 7 21 9 15 7 12 11 8 4 5 14 23 53 13 52 45
20742339-3b04-4dfc-ad63-0c30bd5b0c86,59 3 22 20 7 21 9 15 7 12 7 11 8 4 5 14 53 13 52 23
1d996628-c4b5-4a27-9762-effd6a2b6fe0,59 3 22 20 7 21 9 15 12 7 11 8 4 5 14 53 13 52 23
69f9918e-22da-480c-b307-eea453e3c24f,59 3 22 9 15 7 20 21 12 11 8 4 5 14 53 13 52 23
9c6b19ed-d42e-4428-ae3b-a27f6f25454c,59 3 22 20 7 21 9 15 7 12 11 8 4 5 14 53 13 23 52
03f51f6e-0dda-4c67-b6c0-818c98322744,59 3 22 20 21 9 15 7 12 11 8 4 5 14 13 52 23
8008de52-625e-4586-ab0a-1915230a3429,59 3 22 20 7 21 9 15 7 12 11 8 4 5 14 53 13 52 23
4cbc8b2c-f7b5-4a34-a17c-d5999bdc1186,59 3 22 20 7 21 9 15 7 12 11 8 4 5 14 53 13 52 23
493d8166-d868-44c9-ad7c-6dfaf7a758d9,59 3 22 20 7 21 9 15 12 7 11 8 4 5 14 13 52 23
9cba7c63-9aec-4601-ab8f-a431775f832e,59 3 22 20 7 21 9 15 12 7 11 8 4 5 14 53 13 52 23
b283fffd-cdbc-4890-9d9e-8b95b1e45914,59 3 22 20 7 21 9 15 7 12 11 8 4 5 14 53 13 23 52
0145edf4-846c-4f64-bf15-095ae8fdbf01,59 3 22 20 7 21 9 15 7 12 11 8 4 5 14 13 52 23
6cc2b54f-c555-449e-8590-f16524e1358f,59 3 22 20 7 21 9 15 7 12 11 8 4 5 14 53 13 52 23
47060fda-9b8f-49e5-9752-aa31ca509271,59 3 22 20 7 21 9 15 7 12 11 8 4 5 54 14 13 52 23
f5be34df-192a-41bb-a213-b6c941a1a9c6,59 3 22 20 7 21 9 15 7 12 11 8 4 5 14 13 52 23
4b9febc6-25c2-46f8-a2b2-f6e33eed1901,59 3 22 20 7 21 9 15 12 11 8 4 5 14 13 52 23
1e73ec72-3788-475c-9ee3-ec1a251a5b3d,59 3 22 20 7 21 9 15 7 12 11 8 4 5 14 53 13 52 23
f29d0469-4295-48be-bb9e-bf27c8f707ff,59 3 22 20 7 21 9 15 7 12 11 8 4 5 14 53 13 52 23
ac54a97b-269d-4d69-976a-a5c4ae99c8b5,59 3 22 20 7 21 9 15 7 12 11 8 4 5 14 13 52 23
8d2ac463-96e4-474b-ab94-bdea20d30369,59 3 22 20 7 21 9 15 12 7 11 8 4 5 14 13 52 23
21c479e3-a0c1-4688-b348-8cccfd6f3846,59 3 22 20 7 21 9 15 7 12 11 8 4 5 14 23 53 13 52
ffcc3605-a764-45b8-b7df-01d4e56d5738,59 3 22 20 7 21 9 15 7 12 11 8 4 5 14 53 13 52 23
8f7dffc9-401c-47b6-9189-14568018b400,59 3 22 20 7 21 9 15 12 11 8 4 5 14 53 13 52 23
f0734c50-df76-4730-94f9-cdaf53e8815b,59 3 22 20 7 21 9 15 7 12 11 8 4 5 14 13 53 52 23
46aa11f6-50f4-48d7-93b7-2ca543dde1df,59 3 22 9 15 7 20 21 12 11 8 4 5 14 13 52 23
86ee7b1f-124f-40ce-b6ed-42070be63308,59 3 22 9 15 7 20 12 21 11 8 4 5 14 23 53 13 52
19143601-5ace-4aea-a03b-17e5e01fc45c,59 3 22 20 7 21 9 15 7 12 11 8 4 5 14 13 52 23
6f1b2d5a-1e7e-4f92-b6d9-80942c8c74aa,59 3 22 20 7 9 15 21 7 12 11 8 4 5 14 13 52 23
159a1c4e-6f97-47a7-8910-d53f1f9f7a8e,59 3 22 20 7 21 9 15 7 12 11 8 4 5 14 13 23 52
ff26bddd-aa9a-4ccc-b952-f60a7842e69d,59 3 22 20 9 15 7 21 7 12 11 8 4 5 14 53 13 52 23
cdb57bc2-fe17-4d67-b115-78ac8bcac334,59 3 22 20 7 21 9 15 12 11 8 4 5 14 53 13 52 23
c427d6df-93f0-4646-a113-a8bdcf9b7c89,59 3 22 9 15 7 20 12 21 11 8 4 5 14 23 13 52
5661af6b-e6e1-4e6d-9336-3160c3145896,59 3 22 20 7 21 9 15 7 12 11 8 4 5 14 23 13 52
bc466113-e4e8-455b-89a8-6f3a08ac532e,59 3 22 20 7 21 9 15 12 7 11 8 4 5 14 13 52 23
f0943c70-b805-4247-9564-3873b1943fec,59 3 22 20 7 21 9 15 7 12 7 11 8 4 5 14 13 52 23
f58315a0-ae79-41cd-8174-1a8ff11c388c,59 3 22 20 7 21 9 15 12 7 11 8 4 5 14 53 13 52 23
e15d8dd3-9b4f-4089-8a11-debef36d7cc0,59 3 22 20 9 15 7 21 7 12 11 8 4 5 14 53 13 52 23
57083671-eddf-4181-aa5a-a2d2714871f3,59 3 22 9 15 12 20 21 11 8 4 5 14 53 13 52 23
aab52d92-a486-4d16-bbff-f0244c640b69,59 3 22 20 7 21 9 15 12 11 8 4 5 14 53 13 23 52
30be28fa-759c-421c-bd6f-66fe41f6d9b6,59 3 22 9 15 7 20 21 12 11 8 4 5 14 13 23 52
aaa93dfc-53ba-4961-940c-5c4d51a60f18,59 3 22 20 7 21 9 15 7 12 11 8 4 5 14 53 13 52 23
4ecc078c-1568-43de-b93a-bcce0f2fc938,59 3 22 20 9 15 21 12 11 8 4 5 14 53 13 23 52
aa225f1c-5e21-4282-a173-254524c473af,59 3 22 9 15 7 20 12 21 11 8 4 5 14 13 23 52
51f4b9c8-e494-4980-a380-e36dffc30fce,59 3 22 20 7 21 9 15 7 12 11 8 4 5 14 53 13 23 52
b4988a93-424e-46bf-b147-3a0507982ed4,59 3 22 20 7 21 9 15 7 12 11 8 4 5 14 53 13 52 23
50b2ce0a-b55f-4a43-9cd9-796e9f404760,59 3 22 20 7 21 9 15 7 12 11 8 4 5 14 53 13 52 23
808ca5d7-8a40-41c4-9b88-0febcfa78d54,87 59 3 22 20 7 21 9 15 7 12 11 8 4 5 14 53 13 52 23
ab208bba-ee1e-4f34-8a7e-9a2c60b28ef6,59 3 22 20 7 21 9 15 7 12 11 8 4 5 14 53 13 52 23
21fac027-cf73-48f0-b438-d27c87459bc3,59 3 22 20 7 21 9 15 7 12 11 8 4 5 14 13 53 23 52
61e5a079-aa1d-4da9-890e-e6ab26a50b3c,59 3 22 20 7 21 9 15 7 12 11 8 4 5 14 23 53 13 52
cce1f62c-63c2-4bdd-ae20-5925d42e5b03,59 3 22 20 7 21 9 15 7 12 7 11 8 4 5 14 53 13 23 52
0c6d8acc-cbfe-4221-afd3-3a8e3ec606e2,59 3 22 20 7 21 9 15 7 12 11 8 4 5 14 53 13 52 23
d35625d8-f552-4782-bf13-f91bbe25e756,59 3 22 9 15 7 20 21 12 11 8 4 5 14 13 52 23
4f3338bc-573c-4e49-b148-beb62f2108ba,59 3 22 20 7 21 9 15 7 12 11 8 4 5 14 23 13 52
c52fdaa1-488b-43fa-8324-6a14f3238ff1,59 3 22 9 15 7 20 21 12 7 11 8 4 5 14 13 52 23
c0d3dd78-93ca-4706-bdc9-3cfd29ecd237,59 3 22 20 7 21 9 15 7 12 11 8 4 5 14 53 13 52 23
84ea8ee8-e83e-4ac3-917c-98b8946b0270,59 3 22 9 15 7 20 21 7 12 11 8 4 5 14 53 13 52 23
3cd2e43b-a4a2-4499-81f0-a4670b390790,59 3 22 9 15 7 20 12 21 11 8 4 5 14 23 13 52
588d3f05-d182-4361-8f6c-5e72bdfa996c,59 3 22 9 15 7 20 12 21 11 8 4 5 14 53 13 52 23
c892eeb2-3ab5-43b2-9969-905a545f9b40,59 3 22 20 7 21 9 15 7 12 11 8 4 5 14 53 13 52 23
1a1839e5-2fb8-47ea-92dd-a291dce8553d,59 3 22 9 15 7 20 21 12 11 8 4 5 14 53 13 52 23
e6516c97-d1d3-4cf2-8fce-973cc8f6ba73,59 3 22 20 7 21 9 15 7 12 11 8 4 5 14 13 52 23
b3f0dfeb-bce0-49f6-abe8-5a2894e08a0c,87 59 3 22 20 7 21 9 15 7 12 7 11 8 4 5 54 14 53 13 52 23
adbf0687-cbd5-4cad-8b4b-2156625a55bc,59 3 22 20 7 21 9 15 12 11 8 4 5 14 13 52 23
79f5f55a-2800-46c0-aa99-f474ed5d8e7a,59 3 22 9 15 7 20 21 12 11 8 4 5 14 13 52 23
1a897294-09cd-4350-bc1c-a188078e6453,59 3 22 9 15 7 20 12 21 11 8 4 5 14 53 13 23 52
4fb8332d-c29d-467d-bdc9-8b8b67f761a3,59 3 22 20 7 21 9 15 12 7 11 8 4 5 14 53 13 52 23
870ac274-ec2a-4876-87c4-c7859d22c6dd,59 3 22 20 7 21 9 15 12 7 11 8 4 5 14 53 13 23 52
c225a75d-c1dc-46d3-8077-e96c5e8a5511,59 3 22 9 15 7 20 21 12 11 8 4 5 14 53 13 52 23
52afb869-abfb-4e14-914a-36588b9d3752,59 3 22 9 15 7 20 21 12 11 8 4 5 14 53 13 52 23
92d4cb6d-f433-4bdb-a996-0c491a9c75d8,59 3 22 9 15 7 20 12 21 11 8 4 5 14 53 13 52 23
2fbc239b-5103-42d7-87dd-55425432331f,59 3 22 9 15 7 20 12 21 11 8 4 5 14 53 13 52 23
b033f3c2-e8db-459d-94fc-edd8ba0c6217,59 3 22 20 7 21 9 15 7 12 11 8 4 5 14 53 13 52 23
b12a0614-41b8-470f-895c-5d6e54a1cb50,59 3 22 20 9 15 7 21 12 11 8 4 5 14 13 53 52 23
ef1f794a-7a73-4efb-84c6-59705ce19ad1,59 3 22 20 7 21 9 15 7 12 11 8 4 5 14 53 13 52 23
e35b03b0-8f82-4807-bd68-61e05631e2cd,59 3 22 20 7 21 9 15 7 12 11 8 4 5 14 53 13 52 23
57eb2c00-db05-4153-92a8-ed75d269efec,59 3 22 9 15 7 20 21 12 11 8 4 5 14 53 13 52 23
2e0a4a41-518e-406b-a9d6-4a7bba7ec7b1,59 3 22 9 15 7 20 21 12 7 11 8 4 5 14 13 52 23
8b9eb38e-cf3e-4cd1-886d-ce02ba7794b2,59 3 22 20 7 21 9 15 7 12 11 8 4 5 14 13 52 23
a09f6a2d-8ec4-43a2-934d-34b47ac64b0a,59 3 22 20 7 21 9 15 7 12 11 8 4 5 14 53 13 52 23
b946b928-ad89-4558-bf38-b48eed784d45,59 3 22 9 15 7 20 12 21 11 8 4 5 14 53 13 23 52
e908381b-8510-4bc0-93e3-2c0a73d55d05,59 3 22 20 7 21 9 15 7 12 11 8 4 5 14 13 52 45 23
221ba694-9077-4fb5-979d-7abee779520a,59 3 22 20 21 9 15 7 12 11 8 4 5 14 13 53 23 52
7515d104-8e58-4a27-8a30-8675405db723,59 3 22 20 7 21 9 15 12 11 8 4 5 14 53 13 52 23
85954997-1e0a-4e50-bca3-a0ab447a33ce,59 3 22 20 7 21 9 15 7 12 11 8 4 5 14 13 53 52 23
9b6743ba-d0bb-4f29-bfde-aabbcb3d7002,59 3 22 20 7 21 9 15 7 12 11 8 4 5 14 53 13 52 23
07bc16c8-6102-45e0-b912-e6a010757dac,59 3 22 20 7 21 9 15 7 12 11 8 4 5 14 53 13 52 23
ab926e2f-6619-4581-bdaa-0b3b49524d13,59 3 22 9 15 7 20 12 21 11 8 4 5 14 13 53 52 23
b660d7ef-d0d8-4850-ad53-db3e0104962d,59 3 22 20 7 21 9 15 7 12 11 8 4 5 14 53 13 52 23
2d39b1df-701c-464c-bdfe-a49034d4cbb5,59 3 22 20 7 21 9 15 7 12 7 11 8 4 5 14 13 52 23
da67344c-b2a3-435c-b258-339e5aceadef,59 3 22 20 7 21 9 15 7 12 11 8 4 5 14 53 13 52 23
32abfdcb-4734-43a1-8e4a-64c057c20095,59 3 22 9 15 7 20 12 21 11 8 4 5 14 13 53 52 23
12de21d7-7a6c-4a87-af12-9a04d6aa2462,59 3 22 9 15 7 20 12 21 11 8 4 5 14 13 53 52 23
520de2ea-02e2-4443-b1aa-ae964121a861,59 3 22 20 7 21 9 15 7 12 11 8 4 5 14 13 52 23
d8f1eb99-a4fc-45df-affe-713a97b92136,59 3 22 9 15 12 20 21 11 8 4 5 14 13 52 23
581a8b9d-1f79-4eb4-bafc-01af43a82912,59 3 22 20 7 21 9 15 7 12 11 8 4 5 14 23 53 13 52
55f3bf0f-e031-4aea-ab1f-62b5c4d22493,59 3 22 9 15 7 20 12 21 11 8 4 5 14 53 13 52 23
e845d548-5c37-40df-9fe3-a8c24fb7e3a9,59 3 22 20 7 21 9 15 12 11 8 4 5 14 23 13 52
20b0e701-52e7-46bb-9d7f-3102a80372fe,59 3 22 20 7 21 9 15 7 12 7 11 8 4 5 14 13 23 52
213ca788-0e19-4d5c-9a80-c856fa9db856,59 3 22 20 7 21 9 15 7 12 11 8 4 5 14 53 13 52 23
78a7668a-8732-4a5d-bf3c-71d26c900815,59 3 22 9 15 7 20 21 7 12 11 8 4 5 14 53 13 23 52
5d33f641-9b7b-41c8-898c-3c0966fee2e7,59 3 22 9 15 7 20 21 12 11 8 4 5 14 23 53 13 52
22211182-4453-484a-bdf9-e82aecfe5e7d,59 3 22 20 7 21 9 15 7 12 7 11 8 4 5 14 23 53 13 52
a4bbd0cb-3e12-4bd1-bb32-e1f215a2f789,59 3 22 20 7 9 15 21 12 11 8 4 5 14 13 52 23
7a71123d-047a-4219-9792-6033a113c703,59 3 22 9 15 7 20 12 21 11 8 4 5 14 23 53 13 88 52 45
138c93f8-6f26-41a1-bfd5-e7297e35295e,59 3 22 20 21 9 15 12 11 8 4 5 14 53 13 23 52
7bab330f-2e07-463e-a213-ba46f398def6,59 3 22 20 7 21 9 15 7 12 11 8 4 5 14 23 53 13 52
a6cd6e0e-9751-4291-a44c-3fd847a9c918,59 3 22 20 7 21 9 15 12 7 11 8 4 5 14 13 23 52
257911c4-de77-4d50-a4ab-0b3a1bc4734a,59 3 22 20 9 15 7 21 12 11 8 4 5 14 53 13 52 23
81f7092f-1044-4245-adce-b98cd52713bb,59 3 22 20 7 21 9 15 7 12 11 8 4 5 14 13 53 52 23
4aecf67f-b0fa-40f4-9764-2e3d56029536,59 3 22 20 9 15 21 12 11 8 4 5 14 53 13 52 23
7cbcf9c2-563b-4fa2-9be2-e578126d262b,59 3 22 9 15 12 7 20 21 11 8 4 5 14 13 52 45 23
f3fac22b-d485-48cc-8218-6498a20432a4,59 3 22 20 7 21 9 15 7 12 11 8 4 5 14 13 52 23
b4f2cf0a-5d04-41b1-8fa0-e0dad8933a04,59 3 22 9 15 7 20 21 12 11 8 4 5 14 53 13 52 23
569a109a-d36e-49d9-973c-676cbaeb9d64,59 3 22 20 7 21 9 15 7 12 11 8 4 5 14 53 13 52 23
4873555e-c94b-4254-b107-01118dd2dcd6,59 3 22 9 15 7 20 12 21 11 8 4 5 14 53 13 23 52
0efece8e-a5a8-491d-b97e-476a041525b2,59 3 22 20 7 21 9 15 12 11 8 4 5 14 13 53 52 23
610109fa-1c06-449f-a658-ef2189a4b182,59 3 22 9 15 12 20 21 11 8 4 5 14 53 13 23 52 45
330dbf76-99c2-4ded-9f07-0b26f9f23e39,59 3 22 20 7 21 9 15 7 12 11 8 4 5 14 53 13 52 23
bd751624-89e8-4d16-baf5-009b0771d09f,59 3 22 20 7 21 9 15 12 11 8 4 5 14 53 23 13 52
9aa5f652-580e-48c8-ba47-4a07f160093b,59 3 22 20 7 21 9 15 7 12 11 8 4 5 14 53 13 52 23
e79e8038-f27b-4543-abb9-76e76f7f13c7,59 3 22 9 15 7 20 12 21 11 8 4 5 14 13 52 23
f29e79ce-3c50-4f04-8966-d2cc09ac0249,59 3 22 9 15 7 20 12 21 11 8 4 5 14 53 13 52 23
b4601090-61b3-4a28-9fd7-0c42e007325e,59 3 22 9 15 7 20 12 21 11 8 4 5 14 53 13 52 23
3adce58e-052c-4c11-93a1-c3583d4c04ea,59 3 22 9 15 7 20 21 12 11 8 4 5 14 13 52 23
8c01c035-4cb5-4b51-8129-e62cb1c1eb78,59 3 22 9 15 7 20 21 12 11 8 4 5 14 13 53 52 23
93e34e54-e61f-4630-93d2-440e3867471d,59 3 22 20 7 21 9 15 7 12 11 8 4 5 14 53 13 52 23
249e58a2-c3fa-4daf-b8c6-722fe714bb89,59 3 22 20 7 21 9 15 7 12 11 8 4 5 14 13 52 23
bfa1399c-92f6-454f-9a37-1f52f433b85b,59 3 22 20 7 21 9 15 7 12 11 8 4 5 14 13 52 23
221318bd-b125-493c-9e17-80ebdee9b687,59 3 22 20 7 21 9 15 7 12 11 8 4 5 14 53 13 52 23
78d03014-9afe-495e-af02-5ea33a20e143,59 3 22 9 15 7 20 21 12 11 8 4 5 14 13 52 23
96fb820c-4e7e-4e8a-9d29-d7f585e33746,59 3 22 20 7 21 9 15 7 12 11 8 4 5 54 14 53 13 23 52
20034c2b-ca8c-4713-958b-c89c2b0e756f,59 3 22 7 20 9 15 21 12 11 8 4 5 14 13 52 23
6c5cbed9-9e9e-4c6c-b704-3de2690fdcc5,59 3 22 9 15 7 20 21 12 7 11 8 4 5 54 14 53 13 52 23
6c688709-b6e8-4e48-9f66-b12c2178ade9,59 3 22 9 15 7 20 21 12 11 8 4 5 14 13 23 52
9240a668-60c5-4165-9edc-e00877f56a24,59 3 22 9 15 7 20 12 21 11 8 4 5 14 53 13 23 52
f21b8c3a-0740-4073-bfdc-2355abba9a6d,59 3 22 9 15 7 20 12 21 11 8 4 5 14 23 13 52
5feced4b-0edc-4f1c-9752-dc13aeaec0d4,59 3 22 20 7 21 9 15 7 12 11 8 4 5 14 53 13 23 52
1c4f24bc-5d05-4bd4-afd1-171d863ce614,59 3 22 9 15 7 20 12 21 11 8 4 5 14 23 53 13 52
419311fe-28b6-46ba-8b97-0541b5395f90,59 3 22 20 7 21 9 15 7 12 11 8 4 5 14 23 13 52
52f9be91-ed6d-477c-85be-c889b6f8264d,59 3 22 9 15 7 20 12 7 21 11 8 4 5 14 23 13 53 52
a7d6cc80-47c1-41fc-939e-6515fcfadf04,59 3 22 9 15 7 20 21 12 11 8 4 5 14 13 23 52
f9a7681c-1419-4c05-b6c3-1e1ed8bdda30,87 59 3 22 9 15 20 12 21 11 8 4 5 14 53 13 52 23
e44da796-dfe5-4968-b399-1a26f9b9cdea,59 3 22 9 15 7 20 21 12 11 8 4 5 14 53 13 52 23
759119a5-3cf9-43db-b8d7-c02c110621f4,59 3 22 20 7 21 9 15 7 12 11 8 4 5 14 53 13 52 23
60786dd8-b53e-4039-964e-9d348055843a,59 3 22 20 7 21 9 15 12 11 8 4 5 14 13 52 23
2609c011-3111-484f-9f07-05d7b34466c6,59 3 22 20 7 21 9 15 7 12 11 8 4 5 14 13 52 23
80d7a8ec-8280-4601-82b6-9b7069a94551,59 3 22 20 7 21 9 15 7 12 11 8 4 5 14 13 52 23
de03ad4e-cb6d-4880-a9f8-e40c02695c04,59 3 22 9 15 7 20 12 21 11 8 4 5 14 13 52 23
1eabdcb1-ac5d-41c2-864a-2eafcce6d069,59 3 22 9 15 7 20 21 12 11 8 4 5 14 53 13 52 23
1f71b0b5-1774-4d12-9501-66c8b9e64c6e,59 3 22 20 7 21 9 15 7 12 11 8 4 5 14 53 13 52 23
2e8394e5-5a45-4e51-8de0-0fb5db9357d9,59 3 22 9 15 7 20 21 12 11 8 4 5 14 53 13 52 23
ce242a11-3544-41ba-9085-a4298b5b9781,59 3 22 20 7 21 9 15 7 12 11 8 4 5 14 53 13 52 23
542f9462-6c71-40b8-9513-7774af5db626,59 3 22 20 7 21 9 15 7 12 11 8 4 5 14 53 13 52 23
950137b2-8050-4d95-8474-90d181764e5d,59 3 22 20 7 21 9 15 12 7 11 8 4 5 14 23 53 13 52
426ffd00-d114-474a-9f9d-ef0c1efaa8fc,59 3 22 20 7 21 9 15 7 12 11 8 4 5 14 23 53 13 52
2b4e027a-cab1-423b-be7b-44669897aa0d,59 3 22 9 15 7 20 12 21 11 8 4 5 14 13 23 52
741b2a07-1788-423c-a2e9-f4dd1cb130bb,59 3 22 20 7 21 9 15 7 12 11 8 4 5 14 23 13 53 52
6458422c-86c1-4ab3-b1ad-1b540591b582,59 3 22 9 15 7 20 12 21 11 8 4 5 14 23 53 13 52
b742ba4d-2f03-410b-bb74-379e92a32149,59 3 22 20 7 21 9 15 7 12 11 8 4 5 14 13 52 23
bdfe527e-7b63-4692-8ab9-b57ebba4d095,59 3 22 9 15 12 20 21 11 8 4 5 14 13 52 23
9dcf9a02-fbaf-4b2d-b166-bd3b51e49019,59 3 22 20 7 21 9 15 7 12 11 8 4 5 14 53 13 52 23
7f5eb0dd-7e4d-4aa5-98cf-b79e82a45d71,59 3 22 20 7 21 9 15 7 12 11 8 4 5 14 53 13 52 23
9c2948dc-2da5-40c5-9ee2-d881db7abfc3,59 3 22 9 15 7 20 21 12 11 8 4 5 14 13 52 23
f9cd8740-8327-4155-b67b-f99d81bacb3e,59 3 22 20 7 21 9 15 7 12 11 8 4 5 14 53 13 52 23
78de3241-1395-460d-bd22-b6da34bb8066,59 3 22 9 15 7 20 12 21 11 8 4 5 14 13 52 23
913f891b-4865-4709-802e-e30db0dfd5a3,59 3 22 20 7 21 9 15 7 12 11 8 4 5 14 53 13 52 23
4bf1cb22-df6e-4b9a-abd0-15c02dd20fbb,59 3 22 9 15 7 20 12 21 11 8 4 5 14 53 13 52 23
4e73728d-6e32-441f-9c62-cb2ddb924129,59 3 22 20 7 21 9 15 7 12 11 8 4 5 14 13 52 23
2d9733ca-b0ca-4fdd-a909-32bf440540fa,59 3 22 9 15 7 20 12 21 7 11 8 4 5 14 13 52 23
ba8e4832-1da1-4d2d-977d-c90e38b927d6,59 3 22 20 7 21 9 15 7 12 11 8 4 5 14 53 13 52 23
827b5913-1f9c-4c08-9509-b90f11614023,59 3 22 20 7 21 9 15 7 12 11 8 4 5 14 13 52 23
7d06e3a3-900f-4aec-98ab-6eed5950cef0,59 3 22 20 7 21 9 15 7 12 11 8 4 5 14 13 23 52
ae093dd9-b205-4031-9e6d-12c0d60dc869,59 3 22 9 15 12 20 21 11 8 4 5 14 13 52 23
d93ccd05-8633-49ed-819d-8e999c9ed2f7,59 3 22 20 7 21 9 15 7 12 11 8 4 5 14 13 53 52 23
2ab0a1a7-7e89-4e70-a03b-6a2d2cd988f9,59 3 22 20 7 21 9 15 7 12 11 8 4 5 14 13 53 52 23
9ecd60e2-c941-474e-962b-986704b6a40e,59 3 22 20 7 21 9 15 7 12 11 8 4 5 54 14 13 53 52 23
f31c7b74-fc20-4dc1-93b0-9e95b489d9b0,59 3 22 9 15 12 7 20 21 11 8 4 5 14 53 13 52 23
3da6db43-6f57-4f46-90d4-89f6730b875f,59 3 22 20 7 21 9 15 12 11 8 4 5 14 53 13 52 23
f6af209a-ffb1-48c2-8378-19c010c232b2,59 3 22 20 7 21 9 15 12 11 8 4 5 14 13 52 23
c796cd3c-59ea-45af-bc87-307b62f3a1ff,59 3 22 9 15 7 20 21 12 11 8 4 5 14 23 13 52
b7ef1264-3da1-48d5-9f07-d9bdc0c30527,59 3 22 9 15 12 7 20 21 11 8 4 5 14 23 13 53 52
ae045fc9-de01-41a0-9ce2-ee29cf69f067,59 3 22 20 7 21 9 15 7 12 11 8 4 5 14 13 52 23
ebb55d23-8251-4635-bd02-d3321290cc88,59 3 22 20 7 21 9 15 7 12 11 8 4 5 14 23 53 13 52
a77d871f-de90-43fc-bcbb-c665602ad3cd,59 3 22 20 7 21 9 15 7 12 11 8 4 5 14 23 13 52
afd6d488-0453-43b1-9232-268ae6a9933d,59 3 22 20 7 21 9 15 7 12 11 8 4 5 14 23 53 13 52 45
cdc3b4b6-6c2d-45b0-b978-613b2f23f41a,59 3 22 9 15 7 20 21 12 11 8 4 5 14 23 13 52
aa2ffa1b-5690-4729-b8eb-f6e78e6fa86a,59 3 22 9 15 7 20 21 7 12 7 11 8 4 5 14 13 52 23
eb660732-71c8-4674-83c2-4d65d601b068,59 3 22 20 7 9 15 21 12 11 8 4 5 14 13 52 23
f2e740f0-67aa-4804-955b-28b6d7a39f17,59 3 22 9 15 7 20 12 21 11 8 4 5 14 53 13 52 23
f1abf8c2-c361-47c6-aee9-737fdf419cc4,59 3 22 20 7 21 9 15 12 11 8 4 5 14 53 13 52 23
399941dc-b0a1-4cf0-9861-56af743cb70f,59 3 22 20 7 21 9 15 7 12 11 8 4 5 14 53 13 52 23
b8276e6e-4639-46eb-a1d1-d9f495eeb150,59 3 22 20 7 21 9 15 7 12 11 8 4 5 14 53 13 52 23
c4798278-3a4e-444d-bb15-adfacd48b829,59 3 22 9 15 20 12 21 11 8 4 5 14 13 53 23 52
72068a0e-2092-485c-8d48-76bc524c6814,59 3 22 20 7 21 9 15 7 12 11 8 4 5 14 53 13 52 23
bd8e31ab-cf1f-4a19-8887-3edf75f720b8,59 3 22 20 7 21 9 15 7 12 11 8 4 5 14 53 13 23 52
28c03336-b45b-479a-b8af-1a3f700c13f9,59 3 22 9 15 7 20 12 21 11 8 4 5 14 53 13 52 23
27099035-afb6-40d9-8aea-220941b5f773,87 59 3 22 20 7 21 9 15 7 12 11 8 4 5 14 53 13 52 23
0c343d4e-ccb1-40e0-b27d-b2f2d6970335,59 3 22 20 7 21 9 15 7 12 11 8 4 5 14 53 13 52 23
7300dc7c-b57c-449f-be32-8446b6c75f4d,59 3 22 20 7 21 9 15 7 12 11 8 4 5 14 53 13 52 23
152bd485-94b3-4a78-8783-3288c3efd45f,59 3 22 9 15 12 20 21 11 8 4 5 14 13 52 23
f96dd532-e6e3-4172-8247-4496b73fd6e5,59 3 22 20 7 21 9 15 12 7 11 8 4 5 14 53 13 52 23
5acd3d51-9a6b-4932-9989-1e42a8078865,59 3 22 20 7 21 9 15 7 12 11 8 4 5 14 53 13 52 23
9aff7b39-1aa5-416f-83ae-e8f5faa8a669,59 3 22 9 15 7 20 21 12 11 8 4 5 14 53 13 52 23
bab4da8e-ea41-4f5d-96b6-033c1502d5c9,59 3 22 9 15 7 20 12 21 11 8 4 5 14 53 13 52 23
2ccfbed5-d04e-439e-9a56-f4fd92a74aa2,59 3 22 9 15 12 20 21 11 8 4 5 14 13 52 23
205d2a20-2d36-46fd-b2e6-4f64ebe66860,59 3 22 20 7 9 15 21 12 11 8 4 5 14 53 13 52 23
63959feb-c03b-4230-a102-8856dd922ce7,59 3 22 20 7 21 9 15 7 12 11 8 4 5 14 13 53 23 52
e0d022f2-1c9a-4c69-8583-9cabe94eeb25,59 3 22 9 15 7 20 12 7 21 11 8 4 5 54 14 23 53 13 52
f3e7a1f9-e4f8-449a-9953-3a8398910807,59 3 22 9 15 7 20 12 21 11 8 4 5 14 53 13 52 23 45
dd3f7974-eb9a-4475-b850-b031057b0d1d,59 3 22 20 7 21 9 15 7 12 11 8 4 5 14 53 13 52 23
33ce00c5-bfe0-49ea-816e-d288949dd898,59 3 22 9 15 7 20 21 12 7 11 8 4 5 14 53 13 52 23
6223c935-9c42-437e-bec7-7a90c53fe3d0,59 3 22 20 7 21 9 15 7 12 11 8 4 5 14 53 13 23 52
5d0fb5a3-7b88-4b4a-8cf9-fd9d3e57fcb2,59 3 22 20 7 21 9 15 12 11 8 4 5 14 13 52 23
95d1e909-7bb2-4ecb-a203-b09ef1f0c0e2,59 3 22 9 15 20 12 21 11 8 4 5 14 23 13 52
74b30760-83a2-4279-9101-ddd16f471228,59 3 22 9 15 7 20 12 21 11 8 4 5 14 53 13 52 23
4e2e05c9-c09f-4a0e-bbd3-57f495a334d9,59 3 22 9 15 7 20 21 12 11 8 4 5 14 53 13 52 23
ad003254-3fca-4be7-acdb-062dc1ae94c1,59 3 22 20 7 21 9 15 7 12 11 8 4 5 14 13 53 52 23
df34733c-64e8-42ae-957b-ef0da5451ee8,59 3 22 9 15 7 20 12 21 11 8 4 5 14 53 13 52 23
04926b44-6271-443d-9007-4a41dc321c1d,59 3 22 9 15 12 20 21 11 8 4 5 14 53 13 52 23
6b361b7a-cd0a-42bf-a947-6dd905d3131c,59 3 22 20 7 21 9 15 12 11 8 4 5 14 53 13 23 52
6f987224-d728-40e0-9f0e-62e9b734d8cb,59 3 22 9 15 7 20 12 21 11 8 4 5 14 13 52 23
e3127f9d-0a26-4331-ba59-6bc6b14c0e1f,59 3 22 9 15 7 20 21 12 11 8 4 5 14 53 13 52 23
8674254c-5090-4680-99b7-b81725d15b1e,59 3 22 20 7 21 9 15 7 12 11 8 4 5 14 53 13 23 52
be805519-d275-4ba8-b7ea-f9a6a86d89bc,59 3 22 20 7 21 9 15 7 12 7 11 8 4 5 14 53 13 52 23
b564e770-f979-4bc2-ab22-a42cec494832,59 3 22 20 7 21 9 15 7 12 11 8 4 5 14 13 52 23
4d2baec3-de10-46e3-aa06-525361d74142,59 3 22 9 15 7 20 12 21 11 8 4 5 14 23 53 13 88 52
84ea9de0-9030-494d-b662-85860428d023,59 3 22 9 15 7 20 12 21 11 8 4 5 14 23 53 13 52
1021942a-a57f-4009-8eb4-2b3423617be9,59 3 22 20 7 21 9 15 7 12 11 8 4 5 14 53 13 52 23
4e42ba43-2990-42e7-899d-3e6d6ce2f17b,59 3 22 20 7 21 9 15 7 12 11 8 4 5 14 23 53 13 52 45
7f7c21c6-0382-4ff8-8009-6141cc59fc4c,59 3 22 20 7 21 9 15 7 12 11 8 4 5 14 13 53 52 23
6e5dc354-aa3e-4a8a-a955-a3103bbe59f6,59 3 22 20 9 15 21 7 12 7 11 8 4 5 14 13 53 52 23
005be562-d45b-42b9-9999-d2315b9f2150,59 3 22 20 7 21 9 15 7 12 11 8 4 5 14 13 23 88 52
a79347f6-cc23-48fd-92db-2f3fbe1b17e3,59 3 22 20 7 21 9 15 7 12 11 8 4 5 14 53 13 52 23
44be2b63-a516-4181-806a-13eb116247dd,59 3 22 20 7 21 9 15 7 12 11 8 4 5 14 13 52 23
70930b57-2f1a-4534-9406-4dc03611cd24,59 3 22 20 7 21 9 15 7 12 11 8 4 5 14 53 23 13 88 52
113c28f8-50f0-4879-94c0-cf2f0a3604c2,59 3 22 9 15 20 12 21 11 8 4 5 14 53 13 52 23
92da2214-e473-4b05-8133-ac09356ae3b6,59 3 22 20 7 21 9 15 7 12 11 8 4 5 14 53 13 52 23
4a17f173-8c39-4fe7-bab2-77d49322b9f4,59 3 22 20 7 21 9 15 7 12 11 8 4 5 14 23 53 13 52
294b04e2-df91-4a80-8029-1a5af47afe10,59 3 22 20 7 21 9 15 7 12 11 8 4 5 14 53 23 13 52
e673bb49-37c8-4739-84cd-1fbe386f4f61,59 3 22 7 20 9 15 21 12 11 8 4 5 14 13 52 23
13b1e612-7bea-497b-84b1-4d2e7e564986,59 3 22 20 7 21 9 15 7 12 11 8 4 5 14 53 13 52 23
9afad266-b672-4d5f-ba68-cc347f1dc6d7,59 3 22 9 15 7 20 12 21 11 8 4 5 14 53 13 52 23
81c813f8-ff8a-4955-be92-bad34b3b68f3,59 3 22 9 15 12 20 21 11 8 4 5 14 13 52 23
fd4ad4fb-60de-4fee-a5f7-62b3f82195d3,59 3 22 9 15 7 20 21 12 11 8 4 5 14 23 53 13 52 45
04fd9caa-2c3a-4e95-89aa-6a3628794226,59 3 22 20 7 21 9 15 7 12 7 11 8 4 5 14 53 13 52 23
67971158-145f-4aa8-b86a-4b6d4ecaedbc,59 3 22 20 7 21 9 15 12 11 8 4 5 14 13 53 52 45 23
8f923bf6-5965-4452-8579-ad63031c7ed9,59 3 22 9 15 7 20 21 12 11 8 4 5 14 53 13 23 52
7f0eadfa-3e4e-4c87-babb-1072ab2fc147,59 3 22 20 21 9 15 7 12 7 11 8 4 5 14 53 13 52 23
39cee8a9-a37e-4ab0-b73f-804dcbf13820,59 3 22 20 7 21 9 15 7 12 11 8 4 5 14 53 13 52 23
5d1a5ca5-12da-421e-b877-155509a1c2bd,59 3 22 9 15 7 20 12 21 11 8 4 5 14 13 52 45 23
824038b7-e5bc-42d0-ba6c-6df6fe34b659,59 3 22 9 15 7 20 12 21 11 8 4 5 14 13 52 23
0b8bde7e-8680-4185-9512-d748e9f4271a,59 3 22 20 7 21 9 15 7 12 11 8 4 5 14 13 52 23
66a26a3d-5ef1-4b41-8f1b-a8b6a2880dc3,59 3 22 9 15 7 20 12 21 11 8 4 5 14 53 13 52 23
a40ffe21-bf9f-430f-ba0a-15813e083b34,59 3 22 20 7 21 9 15 7 12 11 8 4 5 14 23 53 13 52
ce346926-e47b-442c-adfe-3e8a315941f9,59 3 22 20 7 21 9 15 12 7 11 8 4 5 14 13 23 52
6c53c819-d1ec-4537-92be-fc0a9950918b,59 3 22 20 7 21 9 15 7 12 11 8 4 5 14 53 13 23 52
734a5ed7-9ea8-4927-999e-6dd5f892e3f4,59 3 22 20 7 21 9 15 7 12 11 8 4 5 14 53 13 52 23
a956835e-9df9-44ca-9c4a-be5c382240fa,59 3 22 9 15 7 20 12 21 11 8 4 5 14 53 13 52 23
bbfef33a-ffae-40b7-bf34-4e0446e05f34,59 3 22 20 7 21 9 15 7 12 11 8 4 5 14 53 13 52 23
03f2fc91-0528-4bba-95c2-d8613a1fc975,59 3 22 20 7 21 9 15 7 12 11 8 4 5 14 53 13 23 52
d76802e9-4c74-4074-bb12-e0455a0d9016,59 3 22 20 7 21 9 15 12 11 8 4 5 14 13 52 23
feee27bf-6529-405c-8608-5886067ad93c,59 3 22 9 15 12 20 21 11 8 4 5 14 53 13 52 23
881d9832-4340-45f3-a0a1-9a722765773a,59 3 22 9 15 7 20 21 12 11 8 4 5 14 13 23 52
e59953ac-f78a-4e61-a449-6b5f4a70826a,59 3 22 20 7 21 9 15 12 11 8 4 5 14 53 13 23 52 45
bb183f9d-e296-4974-abbb-df645c117fc4,59 3 22 20 7 21 9 15 7 12 11 8 4 5 14 53 13 52 23
f4fa05dd-b6c7-4b06-8959-b5b230984435,59 3 22 20 7 21 9 15 7 12 11 8 4 5 14 53 13 52 23
ae0eb5a5-6217-4a9f-9d09-839e07a78189,59 3 22 9 15 7 20 21 12 11 8 4 5 14 53 13 52 23
6099cf24-d27a-4247-adb4-30264f83784b,59 3 22 20 7 21 9 15 7 12 11 8 4 5 14 13 52 23
477e3496-064c-4c71-802f-d80e2e56916e,59 3 22 20 7 21 9 15 7 12 11 8 4 5 14 13 52 23
239349dd-f45d-472f-ae9c-ae9932c1628c,59 3 22 20 7 21 9 15 7 12 11 8 4 5 14 53 13 52 23
59df4c7c-6d05-45ad-b7a8-2fffb937184b,59 3 22 20 7 21 9 15 7 12 11 8 4 5 14 53 13 52 23
7151da9d-5a3e-4579-b6e8-0cd9d562e251,59 3 22 20 7 21 9 15 7 12 11 8 4 5 14 53 13 52 23
6712809c-71a4-442e-b923-5c27d15994c5,59 3 22 20 7 21 9 15 12 11 8 4 5 54 14 23 53 13 52
f9920c9d-8add-48cf-a896-7f4b4868241e,59 3 22 20 7 21 9 15 12 7 11 8 4 5 14 53 13 52 23
a07856d2-37c2-432f-b132-52de7a5ea59a,59 3 22 9 15 7 20 12 21 11 8 4 5 14 13 53 52 23
e67c8f99-6f4e-4811-8de7-d6e4cac79804,59 3 22 9 15 7 20 21 12 11 8 4 5 14 13 52 23
f18021a7-80d7-4461-a224-508158feb629,59 3 22 9 15 7 20 21 12 11 8 4 5 14 53 13 23 52
31748b2e-ee83-40e8-a22f-f48148c7eacc,59 3 22 9 15 7 20 12 21 7 11 8 4 5 14 13 53 52 23
ffaf0d8c-477b-4516-86f8-e966b4d1d23f,59 3 22 9 15 7 20 12 21 11 8 4 5 14 23 13 52
c09b0df7-cf1b-4736-9aa5-c4094a8a8f22,59 3 22 20 21 9 15 7 12 11 8 4 5 14 53 13 23 52
819d3291-c370-49a8-a172-a2c071c97a8e,59 3 22 20 7 21 9 15 12 11 8 4 5 14 23 53 13 52
33987105-d113-4ee1-b3b4-b62f5c5cbe0e,59 3 22 20 7 21 9 15 7 12 11 8 4 5 14 23 53 13 52
ea3a750e-a16d-46ed-95df-050a8a17221a,59 3 22 9 15 7 20 21 12 11 8 4 5 14 53 13 52 23
3cfdaef3-0593-4a9e-b77f-1293e8440ee3,59 3 22 9 15 7 20 21 12 11 8 4 5 14 53 13 52 23
7198527e-d951-426b-b53c-ee2bca91cebc,59 3 22 20 7 21 9 15 7 12 11 8 4 5 14 53 13 52 23
7e018094-b825-4733-ba09-7b60b4ab2144,59 3 22 9 15 7 20 12 21 11 8 4 5 14 23 53 13 52
2ccd9bf1-c610-46ca-aefe-491b81d6fada,59 3 22 20 7 21 9 15 7 12 11 8 4 5 14 23 13 52 45
fae9f8f3-6ae1-44ad-abf2-7c3b9f7b1d15,59 3 22 20 7 21 9 15 12 7 11 8 4 5 14 53 13 52 23
dd5c116c-595a-45c8-bc2e-73c956b08402,59 3 22 20 7 21 9 15 7 12 11 8 4 5 14 13 52 23
8d89ce80-7359-48dd-80a3-ab77bcedfc17,59 3 22 20 7 21 9 15 7 12 11 8 4 5 14 53 13 52 23
c98b3c95-2169-4fe1-a515-dbdf7d903070,59 3 22 20 7 21 9 15 7 12 11 8 4 5 14 53 13 52 23
3c4678a4-f694-404d-80af-98120d5dec4b,59 3 22 20 7 21 9 15 7 12 11 8 4 5 14 53 13 52 23
e1b09bff-a4c5-4c52-8911-7be96dad144f,59 3 22 20 7 21 9 15 7 12 11 8 4 5 14 23 53 13 52
86f80da5-ab1c-4054-94a0-6ae5e4e9aca0,59 3 22 20 7 21 9 15 7 12 11 8 4 5 14 23 53 13 52
db67c9a5-c5d6-4798-adbd-8e6400ce673f,59 3 22 20 7 21 9 15 7 12 11 8 4 5 14 13 52 23
c6d1fe22-3c28-47b9-9d20-2c38c557de0c,59 3 22 9 15 7 20 12 21 11 8 4 5 14 53 13 52 23
65c89078-9429-435c-94c3-fe1eea3e8ed9,59 3 22 20 7 21 9 15 7 12 11 8 4 5 14 13 52 23
650aedb2-4469-416f-8fbc-623ff98d3c23,59 3 22 20 7 21 9 15 7 12 11 8 4 5 14 53 13 52 23
c057a644-10ca-4aa4-86d6-8370dc8cc82f,59 3 22 20 7 21 9 15 7 12 11 8 4 5 14 13 52 23
6cb2787c-57b6-4ed1-b141-691428d72888,59 3 22 20 7 21 9 15 7 12 11 8 4 5 14 53 13 52 23
35e1b479-951c-4228-b4a9-1e70dafd5840,59 3 22 9 15 7 20 21 12 11 8 4 5 14 53 13 52 23
69e94814-1bd1-4a11-be1e-1f95169c7395,59 3 22 20 7 21 9 15 7 12 11 8 4 5 14 13 23 52
030d94c4-b3d9-4bf5-b436-730d031a4b4e,59 3 22 20 7 21 9 15 7 12 11 8 4 5 14 23 53 13 52
aa0d978f-3298-4f43-b82d-48c3706f11ea,59 3 22 9 15 7 20 21 7 12 11 8 4 5 14 53 13 52 23
01a3a846-2781-466d-a379-f65bce4d7533,59 3 22 9 15 20 12 21 11 8 4 5 14 53 23 13 52
eee1a11d-b7ac-4e1a-85ed-a59ac0057b9b,59 3 22 20 7 21 9 15 7 12 11 8 4 5 54 14 23 53 13 52
1d6fbe50-1b59-420b-bf79-fa94a39077bb,59 3 22 9 15 12 20 7 21 11 8 4 5 14 53 13 52 23
3cd8027e-f15b-41ca-a1d2-47c9248cca20,59 3 22 20 7 21 9 15 7 12 11 8 4 5 14 53 13 52 23
9cca2cbc-efe7-47c5-a0a9-48c830b995b9,59 3 22 9 15 7 20 21 12 11 8 4 5 14 13 53 52 23
18c3e7ca-cc5c-44e6-8e5c-4f5c3fae2afc,59 3 22 20 7 21 9 15 7 12 11 8 4 5 14 13 23 52
dc99f19e-2ff3-4198-9757-5a22a659604d,59 3 22 20 7 21 9 15 7 12 11 8 4 5 14 23 13 52
0234e85d-95ad-43a6-9457-bcc37c7f6997,59 3 22 9 15 7 20 21 12 7 11 8 4 5 14 53 13 52 23
6e980f5c-dc49-4901-b849-c9d7c8e34a15,59 3 22 9 15 12 7 20 21 11 8 4 5 14 53 13 52 23
c4568615-4025-4464-ac91-9f490b960f53,59 3 22 20 7 21 9 15 7 12 11 8 4 5 14 13 52 23
e95b32ec-d6cc-4585-b94c-69191925ae74,59 3 22 9 15 7 20 21 12 11 8 4 5 14 13 52 23
08fa4c76-6c61-476d-b83f-553b2e8a4beb,59 3 22 20 7 21 9 15 7 12 11 8 4 5 14 13 52 23
80bc6932-91e5-429f-b8b0-5638e66e8eff,59 3 22 20 7 21 9 15 7 12 11 8 4 5 14 53 13 52 23
81b262db-9587-4381-a07b-9894ba6c7ee1,59 3 22 20 7 21 9 15 7 12 11 8 4 5 14 53 13 52 45 23
9db7f88d-7ea0-41f5-a7a2-c716a89ef368,59 3 22 20 7 21 9 15 7 12 11 8 4 5 14 13 52 23
b5dd0b0e-3ed3-4e90-9ece-c90463b3849c,59 3 22 20 7 21 9 15 12 7 11 8 4 5 14 13 23 52
890c5547-e2c6-4bd7-8bdb-80beb27a1f8d,59 3 22 20 7 21 9 15 7 12 11 8 4 5 14 23 13 52
36ea074d-76e3-484a-acab-c41bfd86a162,59 3 22 20 7 21 9 15 7 12 11 8 4 5 14 13 23 52
7c2cfe59-4068-41f4-b62a-77346b108993,87 59 3 22 20 7 21 9 15 7 12 11 8 4 5 14 13 52 23
bdecb85c-afc2-4e6c-ade1-63920e24bc58,59 3 22 20 7 21 9 15 7 12 11 8 4 5 14 13 52 23
b96a2ea4-0921-4ae3-b8ba-5feffb540cee,59 3 22 9 15 7 20 21 12 11 8 4 5 14 53 13 52 23
7334e395-be36-41f4-be53-53ae8668a76c,59 3 22 20 7 21 9 15 7 12 11 8 4 5 14 23 13 52
5ea3e43b-a490-45cf-8c6a-d1705ba67bc6,87 59 3 22 20 7 21 9 15 7 12 11 8 4 5 14 53 13 23 52
4da9c7db-369e-474f-90bb-c5ab05b18b79,59 3 22 20 7 21 9 15 7 12 11 8 4 5 14 13 52 23
c307380b-f1fd-4fb8-a032-8a233db89094,59 3 22 9 15 7 20 21 7 12 11 8 4 5 14 53 13 52 23
72012bff-2843-447a-8103-8b826ffc4243,59 3 22 20 7 21 9 15 7 12 11 8 4 5 14 53 13 52 23
bced90b8-020c-4461-91ca-fdcfe42659b4,59 3 22 9 15 12 7 20 21 11 8 4 5 14 13 52 23
956ec905-ac87-4931-ae22-71c1ff151cfb,59 3 22 9 15 7 20 12 21 11 8 4 5 14 23 13 52
4f9aaf26-7ec4-477c-8631-64bae09fb495,59 3 22 9 15 7 20 12 21 11 8 4 5 14 13 52 23
4e5c1f32-1eaf-45b0-a3c7-66a79c28cda9,59 3 22 9 15 12 7 20 21 11 8 4 5 14 53 13 52 23
9b2e37bf-a524-4b53-af65-89ef113c4404,59 3 22 9 15 7 20 12 21 11 8 4 5 54 14 53 13 52 23
f5cbd1bf-383a-46f9-a54c-21f92e5b8878,59 3 22 9 15 7 20 12 21 11 8 4 5 14 53 13 52 23
b936287c-02cd-4db9-9539-90a1c19e749f,59 3 22 20 9 15 7 21 7 12 11 8 4 5 14 53 13 52 23
9473f7a4-c590-42a6-a0a4-e7774d4a6dc4,59 3 22 20 7 21 9 15 12 11 8 4 5 14 53 13 52 23
bc0b0a5c-e338-4293-a5d4-d19a01621d2a,59 3 22 9 15 7 20 21 12 11 8 4 5 14 53 13 52 23
2ce00bb5-fe32-4d07-8a74-c2f845f82e61,59 3 22 20 7 21 9 15 7 12 11 8 4 5 14 53 13 52 23
b5a23a6e-9acc-4d52-8acf-8c4e26db6395,59 3 22 20 7 21 9 15 7 12 11 8 4 5 14 13 52 23
db878381-c035-4919-bc1f-2bc0bf3d2a36,59 3 22 9 15 7 20 21 12 11 8 4 5 14 53 13 52 23
200bfdd8-53ba-4c0c-88a6-7d97bc84b472,59 3 22 20 7 21 9 15 7 12 11 8 4 5 14 13 53 52 23
10ae5f58-e34e-4ae8-b3c5-3199276a130e,59 3 22 20 7 21 9 15 7 12 11 8 4 5 14 53 13 52 23
0e89baa2-8365-4db7-a0e0-6b84a5ee89d9,59 3 22 20 7 21 9 15 12 11 8 4 5 14 13 52 23
a86e41e4-bc7d-47fe-9ecb-f221cfa77b08,87 59 3 22 20 7 21 9 15 7 12 11 8 4 5 14 53 13 52 23
676822b5-e94f-41c3-ad38-929e31c5e993,59 3 22 9 15 7 20 12 21 11 8 4 5 14 53 13 52 23
75f9b24c-963f-4576-a605-bf89015cdc3b,59 3 22 20 7 21 9 15 7 12 11 8 4 5 14 13 52 23
d969dab5-1909-4d3a-850d-dd804122b47c,59 3 22 20 7 21 9 15 7 12 11 8 4 5 14 13 52 23
30363d7e-ef56-4db0-b7b5-4b6a1b28a250,59 3 22 20 7 21 9 15 7 12 11 8 4 5 54 14 13 52 45 23
2fdb678e-4c62-4ec1-b2f5-1ee4178e3845,59 3 22 20 7 21 9 15 7 12 11 8 4 5 14 53 13 52 23
2953d4e2-8b17-4339-b860-47f2418c9a28,59 3 22 20 7 21 9 15 7 12 11 8 4 5 14 13 52 23
9bd65a1b-3ef5-4b0a-beb7-aa8d6e76ceb5,59 3 22 20 7 21 9 15 12 11 8 4 5 14 13 52 23
482f5d2b-3635-4a9e-aeb8-08e09c974f31,59 3 22 9 15 7 20 12 21 11 8 4 5 14 13 52 23
9877bb0b-a4b6-4339-a126-5587f599d327,59 3 22 20 7 21 9 15 7 12 7 11 8 4 5 14 13 52 23
5d741cd3-1ff1-44fb-9cfc-58061b214ef3,59 3 22 9 15 7 20 12 21 11 8 4 5 14 13 52 23
7fc614c5-134b-49b2-8bec-64d65ffdf11c,59 3 22 9 15 12 7 20 21 11 8 4 5 14 53 13 23 52
a6db7352-1f1d-4070-8d32-e7760305cebf,59 3 22 20 7 21 9 15 7 12 11 8 4 5 14 53 13 52 23
c2ff502b-a581-4b07-802f-4763625ca012,59 3 22 9 15 7 20 21 12 11 8 4 5 14 13 52 23
437ce137-24bd-49f2-86ee-cf49db092ac2,59 3 22 20 7 21 9 15 7 12 11 8 4 5 14 53 13 52 23
c672ba40-2519-41ae-942c-ab2ee6c459ca,59 3 22 9 15 7 20 12 21 11 8 4 5 14 53 13 52 23
9b917402-31d2-45ea-be7f-2db0ce8062d6,59 3 22 9 15 7 20 12 21 11 8 4 5 14 13 52 23
a4ccfd2f-0ea5-4418-b508-76be6766b29b,59 3 22 9 15 7 20 21 12 11 8 4 5 14 53 13 52 23
a7c2f7db-2025-459a-a2a4-ffea6bb05179,59 3 22 20 7 21 9 15 7 12 11 8 4 5 14 53 13 52 23
18ec0982-24a2-4f4e-9b62-57bafdabb258,59 3 22 9 15 12 20 21 11 8 4 5 54 14 53 13 52 23
78492b46-4279-4d67-ad91-b593b0bf7f9e,59 3 22 9 15 7 20 12 21 11 8 4 5 14 53 13 52 23
cb083626-3df4-48c1-8d49-7794625d3d24,59 3 22 20 7 21 9 15 12 11 8 4 5 14 53 13 52 23
a1a64d86-e16c-48de-b65c-e69f984366f3,59 3 22 9 15 7 20 21 12 11 8 4 5 14 53 13 52 45 23
8b1799af-9185-433c-ae63-742c824ba961,59 3 22 20 7 21 9 15 7 12 11 8 4 5 14 23 13 52
7809241a-9c85-4c26-a1f3-b48b5f22df8c,59 3 22 20 7 21 9 15 7 12 11 8 4 5 14 53 13 52 23
8dff1f40-5234-4ace-b25c-8d0768be75b6,59 3 22 20 9 15 21 7 12 11 8 4 5 14 13 52 23
4a94216c-4b72-47b2-8194-44fab81b8f30,59 3 22 9 15 7 20 21 12 11 8 4 5 14 53 13 52 23
5ec2cf59-fa1a-4885-85a6-766467e9b27c,59 3 22 20 7 21 9 15 7 12 11 8 4 5 14 53 13 52 23
f0172760-a9af-4513-b16d-bed0e5362965,59 3 22 20 7 21 9 15 7 12 11 8 4 5 14 13 52 23
77a37ecc-5b8d-4de3-b4af-f0f1fbc4e3d2,59 3 22 9 15 7 20 12 21 11 8 4 5 14 53 13 52 23
91479986-b5a1-46eb-ba16-7952905f9150,59 3 22 9 15 7 20 21 12 11 8 4 5 14 53 13 52 23
a6127441-6baf-42e1-97d3-c585ea0f6585,59 3 22 20 7 21 9 15 12 11 8 4 5 14 13 52 23
cc4dfb03-cc75-4398-8338-3d8a8ece16ad,59 3 22 20 7 21 9 15 7 12 11 8 4 5 14 53 13 52 23
a9e216d0-3156-47db-8a3f-5fd0dd258a54,59 3 22 9 15 7 20 12 21 11 8 4 5 14 53 13 52 23
4023a409-ce0d-4410-95b0-bc796dca1e5a,59 3 22 9 15 7 20 21 12 11 8 4 5 14 53 13 52 23
f990e204-2fe4-4e36-8361-84bcc4e90143,59 3 22 20 7 21 9 15 7 12 11 8 4 5 14 53 13 52 23
cdee3c96-b888-4912-96c8-b788c7382257,59 3 22 20 7 21 9 15 7 12 11 8 4 5 14 53 13 52 23
d68025e1-7b15-4d0c-a8a4-b7116f4472fd,59 3 22 20 9 15 21 12 11 8 4 5 14 13 52 23
7b3e8bd8-1bdc-4627-9f1b-37b9b5a90886,59 3 22 9 15 7 20 12 21 11 8 4 5 14 53 13 52 23
080d1db9-c37e-4155-9e72-0022db57b13a,59 3 22 20 7 21 9 15 7 12 11 8 4 5 54 14 53 13 52 23
59b09f89-d670-428d-8c2a-9ea0e7a9b9e3,59 3 22 9 15 7 20 21 12 11 8 4 5 14 53 13 52 23
8d3674f1-89b5-4a24-a946-7266185a9d36,59 3 22 20 7 21 9 15 7 12 11 8 4 5 14 53 13 52 23
8bdee613-c540-421e-8f6b-fcb4a06b2ba6,59 3 22 20 9 15 21 12 11 8 4 5 14 13 52 23
b4b0e008-8697-42b4-907e-e7d3de081fb4,59 3 22 9 15 7 20 12 21 11 8 4 5 14 53 13 52 23
8a9d6d5d-10e0-4cf3-aa15-b4b55de2079a,59 3 22 20 7 21 9 15 7 12 11 8 4 5 14 53 13 52 23
e30d8a69-b80f-4247-a623-a1836f639456,59 3 22 20 7 21 9 15 12 11 8 4 5 14 13 53 52 23
4dc5d66d-30d2-4b45-9f93-e1238c391ebc,59 3 22 20 9 15 21 12 11 8 4 5 14 53 13 52 23
849377d8-05bb-4088-b738-ad97fd70f787,59 3 22 20 7 21 9 15 7 12 11 8 4 5 14 13 53 52 23
2e57ca19-19a2-4f3d-bd8d-b2ef7bc1932e,59 3 22 9 15 12 20 21 11 8 4 5 14 53 13 52 23
b6e53a82-55d5-4856-b29d-2fbbc082a91d,59 3 22 20 7 21 9 15 12 11 8 4 5 14 53 13 52 23
56935409-5278-4a06-949b-cd4841998224,59 3 22 20 7 21 9 15 12 11 8 4 5 14 53 13 52 23
27bf9e1b-19cd-4388-8e74-9bee5f53cb0b,59 3 22 20 7 21 9 15 7 12 11 8 4 5 14 53 13 23 52
936f549a-f808-4542-a5d3-018eed8fb66b,59 3 22 20 7 21 9 15 7 12 45 11 8 4 5 14 13 52 23
e5a28433-15cf-460d-b96a-af939479a0c0,59 3 22 9 15 7 20 21 12 11 8 4 5 14 13 52 23
f89b8137-7eb3-4607-8a01-8ef1f8d697d9,59 3 22 9 15 7 20 21 12 11 8 4 5 14 53 13 52 23
d2eee7c2-9ae8-4ed3-9137-d9448411f065,59 3 22 9 15 12 7 20 21 11 8 4 5 14 53 13 52 23
51f4c270-34ab-46e1-94bf-96a43a676456,59 3 22 20 7 21 9 15 7 12 11 8 4 5 14 13 52 23
4b4ef7f5-2d15-4038-a799-3d8d38597373,59 3 22 20 7 21 9 15 7 12 11 8 4 5 14 23 13 52
d27d9bb6-3b86-4a38-a6b8-a8f9069cad97,59 3 22 20 7 21 9 15 7 12 11 8 4 5 14 53 13 52 45 23
8f24865a-8aea-442e-a95b-f68598d4bfa2,59 3 22 9 15 7 20 21 12 11 8 4 5 14 53 13 52 23
cf7c1afc-adf0-48d7-aba6-1c463645526c,59 3 22 20 7 21 9 15 7 12 11 8 4 5 14 53 13 52 23
7f830536-030c-4501-a238-c64c467ca13f,59 3 22 20 7 21 9 15 7 12 7 11 8 4 5 14 53 13 52 23
e679813e-5d17-4422-b0b6-7cec384d67af,59 3 22 20 7 21 9 15 7 12 11 8 4 5 14 13 23 52
c4ea94df-c179-4cca-8011-177d8f6e0607,59 3 22 9 15 7 20 12 21 11 8 4 5 14 53 13 23 52
fe28d75a-bca8-4af1-b1a5-a2b7dcb7c4a8,59 3 22 9 15 12 20 21 11 8 4 5 14 23 53 13 88 52
7cf75e27-5032-4991-a5c1-d47401b7d3d2,59 3 22 9 15 7 20 21 12 7 11 8 4 5 14 13 52 23
a39a912b-8a52-40e4-8c4d-0481af76d74d,59 3 22 20 7 21 9 15 7 12 11 8 4 5 14 53 13 52 23
0d47fae7-7e08-4d6b-871d-bf8a1f765727,59 3 22 20 7 21 9 15 7 12 11 8 4 5 14 53 13 52 23
383bb82f-27b1-4178-8554-61f2bfe566c1,59 3 22 9 15 7 20 12 21 11 8 4 5 14 53 13 52 23
5650f4c8-3e23-437b-92ea-64574b8041e2,59 3 22 9 15 7 20 12 21 11 8 4 5 14 53 13 52 23
0f6639c3-a21d-4fde-bc77-74c90b95e94b,59 3 22 20 7 21 9 15 7 12 11 8 4 5 14 13 52 23
56bb70c9-343e-49b2-9707-0a7dee863560,59 3 22 9 15 7 20 12 21 11 8 4 5 14 13 52 23
2f8ff12d-1e8a-4d4d-830a-53fbb268f109,59 3 22 20 7 21 9 15 7 12 11 8 4 5 14 53 13 52 23
f529a26a-ac0b-47b6-99a9-454a1485ef51,59 3 22 20 7 21 9 15 7 12 11 8 4 5 14 13 53 52 23
6998e243-6813-450b-9e44-bab9d2fd4670,59 3 22 20 7 21 9 15 7 12 11 8 4 5 14 13 53 52 23
ed33a2e2-d8f7-4eef-b283-4982d48a101f,87 59 3 22 20 7 21 9 15 7 12 11 8 4 5 14 13 53 52 23
7c914479-4e89-4a4a-8b67-95bfcc99f2b7,59 3 22 20 7 21 9 15 12 11 8 4 5 14 53 13 52 23
b2895860-0779-4af5-82ed-5e7158c79258,59 3 22 9 15 7 20 21 12 11 8 4 5 14 53 13 52 23
858973c9-eea5-4106-8551-08fe8fb8d111,59 3 22 20 7 21 9 15 7 12 11 8 4 5 14 13 52 23
0cbaad0e-5515-439d-9dae-8f11fbea2554,59 3 22 20 7 21 9 15 7 12 11 8 4 5 14 53 13 52 23
9e477c17-b228-4bd0-a97a-ba238c253af9,59 3 22 20 7 21 9 15 7 12
